0.000000e+00 0.000000e+00
1.250000e-06 4.339396e-03
2.500000e-06 1.656272e-02
3.750000e-06 3.446553e-02
5.000000e-06 5.492391e-02
6.250000e-06 7.456050e-02
7.500000e-06 9.041218e-02
8.750000e-06 1.004395e-01
1.000000e-05 1.037769e-01
1.125000e-05 1.007039e-01
1.250000e-05 9.239106e-02
1.375000e-05 8.052161e-02
1.500000e-05 6.689829e-02
1.625000e-05 5.312426e-02
1.750000e-05 4.040586e-02
1.875000e-05 2.948364e-02
2.000000e-05 2.066699e-02
2.125000e-05 1.393163e-02
2.250000e-05 9.039498e-03
2.375000e-05 5.649760e-03
2.500000e-05 3.403569e-03
2.625000e-05 1.977394e-03
2.750000e-05 1.108430e-03
2.875000e-05 5.997295e-04
3.000000e-05 3.133194e-04
3.125000e-05 1.581023e-04
3.250000e-05 7.707727e-05
3.375000e-05 3.631257e-05
3.500000e-05 1.653574e-05
3.625000e-05 7.279644e-06
3.750000e-05 3.098785e-06
3.875000e-05 1.275661e-06
4.000000e-05 5.079294e-07
4.125000e-05 1.956370e-07
4.250000e-05 7.290022e-08
4.375000e-05 2.628351e-08
4.500000e-05 9.169736e-09
4.625000e-05 3.095909e-09
4.750000e-05 1.011610e-09
4.875000e-05 3.199370e-10
5.000000e-05 9.794292e-11
5.125000e-05 2.902464e-11
5.250000e-05 8.326683e-12
5.375000e-05 2.312666e-12
5.500000e-05 6.218883e-13
5.625000e-05 1.619166e-13
5.750000e-05 4.081967e-14
5.875000e-05 9.964725e-15
6.000000e-05 2.355571e-15
6.125000e-05 5.392353e-16
6.250000e-05 1.195438e-16
6.375000e-05 2.566589e-17
6.500000e-05 5.336788e-18
6.625000e-05 1.074758e-18
6.750000e-05 2.096333e-19
6.875000e-05 3.960412e-20
7.000000e-05 7.247055e-21
7.125000e-05 1.284500e-21
7.250000e-05 2.205298e-22
7.375000e-05 3.667506e-23
7.500000e-05 5.908170e-24
7.625000e-05 9.219814e-25
7.750000e-05 1.393754e-25
7.875000e-05 2.041044e-26
8.000000e-05 2.895531e-27
8.125000e-05 3.979423e-28
8.250000e-05 5.298279e-29
8.375000e-05 6.834052e-30
8.500000e-05 8.539975e-31
8.625000e-05 1.033892e-31
8.750000e-05 1.212662e-32
8.875000e-05 1.378020e-33
9.000000e-05 1.517145e-34
9.125000e-05 1.618301e-35
9.250000e-05 1.672465e-36
9.375000e-05 1.674650e-37
9.500000e-05 1.624670e-38
9.625000e-05 1.527159e-39
9.750000e-05 1.390865e-40
9.875000e-05 1.227359e-41
1.000000e-04 1.049414e-42