1.000000e-06 1.755862e-02
1.018629e-06 1.728180e-02
1.037605e-06 1.700934e-02
1.056935e-06 1.674118e-02
1.076624e-06 1.647725e-02
1.096681e-06 1.621747e-02
1.117111e-06 1.596180e-02
1.137921e-06 1.571015e-02
1.159120e-06 1.546247e-02
1.180713e-06 1.521870e-02
1.202708e-06 1.497877e-02
1.225114e-06 1.474262e-02
1.247936e-06 1.451020e-02
1.271184e-06 1.428143e-02
1.294865e-06 1.405628e-02
1.318987e-06 1.383468e-02
1.343558e-06 1.360772e-02
1.368587e-06 1.337997e-02
1.394083e-06 1.315603e-02
1.420053e-06 1.293584e-02
1.446507e-06 1.271933e-02
1.473454e-06 1.250645e-02
1.500903e-06 1.229713e-02
1.528864e-06 1.209132e-02
1.557345e-06 1.188895e-02
1.586357e-06 1.168997e-02
1.615909e-06 1.149431e-02
1.646012e-06 1.130193e-02
1.676675e-06 1.111278e-02
1.707910e-06 1.092678e-02
1.739726e-06 1.074390e-02
1.772136e-06 1.056408e-02
1.805149e-06 1.038728e-02
1.838777e-06 1.021343e-02
1.873032e-06 1.004248e-02
1.907924e-06 9.874406e-03
1.943467e-06 9.709139e-03
1.979672e-06 9.546639e-03
2.016551e-06 9.386859e-03
2.054117e-06 9.232896e-03
2.092383e-06 9.081931e-03
2.131362e-06 8.933434e-03
2.171068e-06 8.787365e-03
2.211512e-06 8.643684e-03
2.252711e-06 8.502353e-03
2.294676e-06 8.363333e-03
2.337424e-06 8.226586e-03
2.380968e-06 8.092074e-03
2.425323e-06 7.959762e-03
2.470504e-06 7.829614e-03
2.516527e-06 7.701593e-03
2.563407e-06 7.575666e-03
2.611161e-06 7.451798e-03
2.659804e-06 7.329955e-03
2.709354e-06 7.210104e-03
2.759826e-06 7.092213e-03
2.811239e-06 6.976250e-03
2.863610e-06 6.862182e-03
2.916956e-06 6.749980e-03
2.971296e-06 6.639613e-03
3.026648e-06 6.531050e-03
3.083031e-06 6.424262e-03
3.140465e-06 6.319220e-03
3.198969e-06 6.215896e-03
3.258562e-06 6.114261e-03
3.319266e-06 6.014288e-03
3.381101e-06 5.915949e-03
3.444087e-06 5.819219e-03
3.508247e-06 5.724070e-03
3.573602e-06 5.630476e-03
3.640175e-06 5.538414e-03
3.707988e-06 5.447856e-03
3.777064e-06 5.358779e-03
3.847427e-06 5.271159e-03
3.919100e-06 5.184971e-03
3.992109e-06 5.100193e-03
4.066478e-06 5.016801e-03
4.142232e-06 4.934772e-03
4.219398e-06 4.853822e-03
4.298001e-06 4.766393e-03
4.378069e-06 4.680538e-03
4.459628e-06 4.596229e-03
4.542706e-06 4.513440e-03
4.627332e-06 4.432141e-03
4.713535e-06 4.352307e-03
4.801343e-06 4.273911e-03
4.890787e-06 4.196927e-03
4.981898e-06 4.121329e-03
5.074705e-06 4.047094e-03
5.169242e-06 3.974195e-03
5.265540e-06 3.902610e-03
5.363631e-06 3.832314e-03
5.463550e-06 3.763284e-03
5.565331e-06 3.695498e-03
5.669007e-06 3.628932e-03
5.774615e-06 3.563566e-03
5.882190e-06 3.499377e-03
5.991770e-06 3.436345e-03
6.103390e-06 3.374447e-03
6.217090e-06 3.313665e-03
6.332908e-06 3.253977e-03
6.450884e-06 3.195365e-03
6.571058e-06 3.137808e-03
6.693470e-06 3.081288e-03
6.818162e-06 3.025786e-03
6.945178e-06 2.971284e-03
7.074559e-06 2.917764e-03
7.206351e-06 2.865207e-03
7.340598e-06 2.811633e-03
7.477346e-06 2.758341e-03
7.616642e-06 2.706059e-03
7.758532e-06 2.654768e-03
7.903066e-06 2.604448e-03
8.050292e-06 2.555083e-03
8.200261e-06 2.506654e-03
8.353023e-06 2.459142e-03
8.508632e-06 2.412531e-03
8.667139e-06 2.366803e-03
8.828599e-06 2.321942e-03
8.993067e-06 2.277931e-03
9.160598e-06 2.234755e-03
9.331251e-06 2.192397e-03
9.505083e-06 2.150842e-03
9.682153e-06 2.110074e-03
9.862522e-06 2.070079e-03
1.004625e-05 2.030843e-03
1.023340e-05 1.992350e-03
1.042404e-05 1.954586e-03
1.061823e-05 1.917538e-03
1.081604e-05 1.881193e-03
1.101753e-05 1.845536e-03
1.122277e-05 1.810556e-03
1.143184e-05 1.776238e-03
1.164481e-05 1.742310e-03
1.186174e-05 1.691867e-03
1.208271e-05 1.642886e-03
1.230780e-05 1.595322e-03
1.253708e-05 1.549135e-03
1.277063e-05 1.504286e-03
1.300854e-05 1.460735e-03
1.325087e-05 1.418444e-03
1.349772e-05 1.377379e-03
1.374917e-05 1.337502e-03
1.400531e-05 1.298779e-03
1.426621e-05 1.261178e-03
1.453198e-05 1.224665e-03
1.480269e-05 1.189209e-03
1.507845e-05 1.154780e-03
1.535935e-05 1.121348e-03
1.564548e-05 1.088883e-03
1.593694e-05 1.057359e-03
1.623382e-05 1.026747e-03
1.653624e-05 9.970210e-04
1.684430e-05 9.681560e-04
1.715809e-05 9.378471e-04
1.747773e-05 9.040658e-04
1.780332e-05 8.715013e-04
1.813498e-05 8.401098e-04
1.847281e-05 8.098491e-04
1.881694e-05 7.806783e-04
1.916748e-05 7.525582e-04
1.952456e-05 7.254511e-04
1.988828e-05 6.993203e-04
2.025878e-05 6.741308e-04
2.063618e-05 6.498485e-04
2.102061e-05 6.264410e-04
2.141220e-05 6.038766e-04
2.181109e-05 5.821249e-04
2.221741e-05 5.611568e-04
2.263130e-05 5.409439e-04
2.305289e-05 5.214591e-04
2.348235e-05 5.026761e-04
2.391980e-05 4.845697e-04
2.436540e-05 4.671155e-04
2.481930e-05 4.502900e-04
2.528166e-05 4.292578e-04
2.575263e-05 4.085215e-04
2.623238e-05 3.887869e-04
2.672106e-05 3.700056e-04
2.721885e-05 3.521316e-04
2.772591e-05 3.351210e-04
2.824241e-05 3.189322e-04
2.876854e-05 3.035254e-04
2.930447e-05 2.888629e-04
2.985038e-05 2.749087e-04
3.040646e-05 2.616286e-04
3.097291e-05 2.489900e-04
3.154990e-05 2.369619e-04
3.213764e-05 2.255149e-04
3.273634e-05 2.146209e-04
3.334618e-05 2.042531e-04
3.396739e-05 1.943862e-04
3.460016e-05 1.850490e-04
3.524473e-05 1.762340e-04
3.590130e-05 1.678390e-04
3.657011e-05 1.598438e-04
3.725137e-05 1.522295e-04
3.794533e-05 1.449780e-04
3.865221e-05 1.380718e-04
3.937226e-05 1.314947e-04
4.010573e-05 1.252308e-04
4.085286e-05 1.192653e-04
4.161391e-05 1.135840e-04
4.238913e-05 1.081734e-04
4.317880e-05 1.030205e-04
4.398317e-05 9.811300e-05
4.480254e-05 9.343931e-05
4.563716e-05 8.929475e-05
4.648734e-05 8.542804e-05
4.735335e-05 8.172877e-05
4.823549e-05 7.818968e-05
4.913407e-05 7.480385e-05
5.004939e-05 7.156464e-05
5.098176e-05 6.846569e-05
5.193150e-05 6.550093e-05
5.289893e-05 6.266456e-05
5.388438e-05 5.995101e-05
5.488820e-05 5.735497e-05
5.591071e-05 5.487134e-05
5.695227e-05 5.249526e-05
5.801323e-05 5.022206e-05
5.909396e-05 4.804731e-05
6.019482e-05 4.596673e-05
6.131619e-05 4.397624e-05
6.245845e-05 4.207195e-05
6.362198e-05 4.025011e-05
6.480720e-05 3.861630e-05
6.601449e-05 3.715389e-05
6.724427e-05 3.574685e-05
6.849697e-05 3.439310e-05
6.977300e-05 3.309062e-05
7.107280e-05 3.183746e-05
7.239681e-05 3.063177e-05
7.374549e-05 2.947173e-05
7.511929e-05 2.835562e-05
7.651869e-05 2.728178e-05
7.794416e-05 2.624861e-05
7.939618e-05 2.525456e-05
8.087525e-05 2.429816e-05
8.238187e-05 2.337798e-05
8.391656e-05 2.249264e-05
8.547985e-05 2.164084e-05
8.707225e-05 2.082129e-05
8.869432e-05 2.003278e-05
9.034660e-05 1.928441e-05
9.202967e-05 1.857138e-05
9.374409e-05 1.788472e-05
9.549045e-05 1.722344e-05
9.726934e-05 1.658662e-05
9.908137e-05 1.597334e-05
1.009272e-04 1.538274e-05
1.028073e-04 1.481397e-05
1.047225e-04 1.426624e-05
1.066734e-04 1.373875e-05
1.086606e-04 1.323077e-05
1.106848e-04 1.274157e-05
1.127468e-04 1.227046e-05
1.148472e-04 1.181677e-05
1.169866e-04 1.137985e-05
1.191660e-04 1.095909e-05
1.213859e-04 1.055389e-05
1.236472e-04 1.016366e-05
1.259506e-04 9.731177e-06
1.282970e-04 9.305926e-06
1.306870e-04 8.899258e-06
1.331216e-04 8.510362e-06
1.356015e-04 8.138460e-06
1.381276e-04 7.782810e-06
1.407008e-04 7.442702e-06
1.433219e-04 7.117457e-06
1.459919e-04 6.806425e-06
1.487115e-04 6.508986e-06
1.514819e-04 6.224544e-06
1.543038e-04 5.952532e-06
1.571784e-04 5.692407e-06
1.601064e-04 5.443650e-06
1.630891e-04 5.205763e-06
1.661273e-04 4.978272e-06
1.692220e-04 4.760722e-06
1.723745e-04 4.552679e-06
1.755856e-04 4.331697e-06
1.788566e-04 4.113504e-06
1.821885e-04 3.906301e-06
1.855825e-04 3.709536e-06
1.890397e-04 3.522682e-06
1.925614e-04 3.345240e-06
1.961486e-04 3.176736e-06
1.998026e-04 3.016720e-06
2.035248e-04 2.864764e-06
2.073162e-04 2.720462e-06
2.111783e-04 2.583429e-06
2.151123e-04 2.453298e-06
2.191197e-04 2.329723e-06
2.232016e-04 2.212371e-06
2.273597e-04 2.084124e-06
2.315951e-04 1.962873e-06
2.359095e-04 1.848676e-06
2.403043e-04 1.741122e-06
2.447809e-04 1.639826e-06
2.493409e-04 1.544423e-06
2.539859e-04 1.454571e-06
2.587174e-04 1.369946e-06
2.635371e-04 1.290244e-06
2.684465e-04 1.215180e-06
2.734474e-04 1.144482e-06
2.785414e-04 1.077898e-06
2.837304e-04 1.015187e-06
2.890160e-04 9.476599e-07
2.944000e-04 8.842265e-07
2.998844e-04 8.250392e-07
3.054710e-04 7.698136e-07
3.111616e-04 7.182847e-07
3.169582e-04 6.702050e-07
3.228628e-04 6.253435e-07
3.288774e-04 5.834850e-07
3.350041e-04 5.444283e-07
3.412449e-04 5.079860e-07
3.476019e-04 4.739830e-07
3.540774e-04 4.422561e-07
3.606735e-04 4.112173e-07
3.673925e-04 3.810792e-07
3.742366e-04 3.531499e-07
3.812083e-04 3.272676e-07
3.883098e-04 3.032822e-07
3.955436e-04 2.810547e-07
4.029122e-04 2.604562e-07
4.104181e-04 2.413674e-07
4.180637e-04 2.236777e-07
4.258518e-04 2.072843e-07
4.337850e-04 1.920925e-07
4.418660e-04 1.780141e-07
4.500975e-04 1.649674e-07
4.584824e-04 1.528770e-07
4.670234e-04 1.415561e-07
4.757236e-04 1.291910e-07
4.845859e-04 1.179060e-07
4.936132e-04 1.076068e-07
5.028087e-04 9.820724e-08
5.121755e-04 8.962873e-08
5.217169e-04 8.179956e-08
5.314359e-04 7.465428e-08
5.413360e-04 6.813314e-08
5.514206e-04 6.194101e-08
5.616930e-04 5.579616e-08
5.721568e-04 5.026090e-08
5.828155e-04 4.527478e-08
5.936727e-04 4.078330e-08
6.047322e-04 3.673739e-08
6.159978e-04 3.309286e-08
6.274732e-04 2.980989e-08
6.391624e-04 2.685260e-08
6.510694e-04 2.418869e-08
6.631981e-04 2.178905e-08
6.755528e-04 1.962622e-08
6.881377e-04 1.767790e-08
7.009570e-04 1.592300e-08
7.140151e-04 1.434231e-08
7.273165e-04 1.291854e-08
7.408657e-04 1.163610e-08
7.546673e-04 1.048097e-08
7.687260e-04 9.440518e-09
7.830465e-04 8.503349e-09
7.976339e-04 7.595683e-09
8.124930e-04 6.752791e-09
8.276289e-04 6.003435e-09
8.430468e-04 5.337234e-09
8.587519e-04 4.744962e-09
8.747496e-04 4.218414e-09
8.910453e-04 3.750297e-09
9.076446e-04 3.334127e-09
9.245531e-04 2.964139e-09
9.417766e-04 2.598608e-09
9.593209e-04 2.261465e-09
9.771921e-04 1.968063e-09
9.953962e-04 1.712727e-09
1.013939e-03 1.490518e-09
1.032828e-03 1.297138e-09
1.052069e-03 1.128848e-09
1.071668e-03 9.823914e-10
1.091632e-03 8.316676e-10
1.111968e-03 7.005957e-10
1.132683e-03 5.901808e-10
1.153783e-03 4.971675e-10
1.175277e-03 4.188132e-10
1.197171e-03 3.528077e-10
1.219473e-03 2.972047e-10
1.242191e-03 2.503648e-10
1.265332e-03 2.109070e-10
1.288904e-03 1.776678e-10
1.312915e-03 1.496671e-10
1.337373e-03 1.260793e-10
1.362287e-03 1.062091e-10
1.387665e-03 8.947037e-11
1.413516e-03 7.536972e-11
1.439848e-03 6.349134e-11
1.466671e-03 5.348502e-11
1.493993e-03 4.505571e-11
1.521825e-03 3.795487e-11
1.550175e-03 3.197313e-11
1.579053e-03 2.693412e-11
1.608469e-03 2.268926e-11
1.638434e-03 1.911341e-11
1.668956e-03 1.610111e-11
1.700047e-03 1.356355e-11
1.731717e-03 1.142592e-11
1.763977e-03 9.625176e-12
1.796838e-03 8.108235e-12
1.830312e-03 6.830366e-12
1.864409e-03 5.753891e-12
1.899141e-03 4.847070e-12
1.934520e-03 4.083165e-12
1.970558e-03 3.439652e-12
2.007267e-03 2.897558e-12
2.044661e-03 2.440899e-12
2.082751e-03 2.056210e-12
2.121550e-03 1.732149e-12
2.161073e-03 1.459160e-12
2.201331e-03 1.229194e-12
2.242340e-03 1.035471e-12
2.284112e-03 8.722796e-13
2.326663e-03 7.348072e-13
2.370006e-03 6.190006e-13
2.414157e-03 5.214452e-13
2.459130e-03 4.392647e-13
2.504942e-03 3.700360e-13
2.551606e-03 3.117178e-13
2.599140e-03 2.625907e-13
2.647559e-03 2.212060e-13
2.696881e-03 1.863436e-13
2.747121e-03 1.569756e-13
2.798297e-03 1.322361e-13
2.850426e-03 1.113955e-13
2.903527e-03 9.383939e-14
2.957617e-03 7.905017e-14
3.012714e-03 6.659176e-14
3.068838e-03 5.609680e-14
3.126007e-03 4.725587e-14
3.184242e-03 3.980828e-14
3.243561e-03 3.353444e-14
3.303985e-03 2.824937e-14
3.365535e-03 2.379723e-14
3.428231e-03 2.004675e-14
3.492096e-03 1.688736e-14
3.557150e-03 1.422589e-14
3.623416e-03 1.198387e-14
3.690917e-03 1.009519e-14
3.759675e-03 8.504176e-15
3.829714e-03 7.163906e-15
3.901058e-03 6.034865e-15
3.973730e-03 5.083762e-15
4.047757e-03 4.282554e-15
4.123163e-03 3.607618e-15
4.199973e-03 3.039052e-15
4.278214e-03 2.560093e-15
4.357913e-03 2.156619e-15
4.439097e-03 1.816733e-15
4.521792e-03 1.530413e-15
4.606029e-03 1.289218e-15
4.691835e-03 1.086036e-15
4.779239e-03 9.148749e-16
4.868271e-03 7.706893e-16
4.958962e-03 6.492276e-16
5.051342e-03 5.469085e-16
5.145444e-03 4.607149e-16
5.241298e-03 3.881056e-16
5.338938e-03 3.269396e-16
5.438397e-03 2.754135e-16
5.539709e-03 2.320080e-16
5.642908e-03 1.954432e-16
5.748030e-03 1.646411e-16
5.855110e-03 1.386934e-16
5.964185e-03 1.168351e-16
6.075292e-03 9.842176e-17
6.188468e-03 8.291035e-17
6.303753e-03 6.984357e-17
6.421186e-03 5.883613e-17
6.540806e-03 4.956347e-17
6.662655e-03 4.175220e-17
6.786773e-03 3.517200e-17
6.913204e-03 2.962884e-17
7.041990e-03 2.495929e-17
7.173175e-03 2.102568e-17
7.306804e-03 1.771200e-17
7.442922e-03 1.492056e-17
7.581576e-03 1.256906e-17
7.722814e-03 1.058816e-17
7.866682e-03 8.919453e-18
8.013230e-03 7.513735e-18
8.162509e-03 6.329560e-18
8.314568e-03 5.332012e-18
8.469460e-03 4.491680e-18
8.627237e-03 3.783785e-18
8.787954e-03 3.187455e-18
8.951665e-03 2.685108e-18
9.118425e-03 2.261931e-18
9.288292e-03 1.905448e-18
9.461324e-03 1.605147e-18
9.637579e-03 1.352173e-18
9.817117e-03 1.139069e-18
1.000000e-02 9.595501e-19