5.000000e-04 2.383542e-05
5.090180e-04 2.765554e-05
5.180361e-04 3.147565e-05
5.270541e-04 3.529577e-05
5.360721e-04 3.911588e-05
5.450902e-04 4.293600e-05
5.541082e-04 4.675611e-05
5.631263e-04 5.057623e-05
5.721443e-04 5.439634e-05
5.811623e-04 6.200137e-05
5.901804e-04 7.800164e-05
5.991984e-04 9.400191e-05
6.082164e-04 1.100022e-04
6.172345e-04 1.260024e-04
6.262525e-04 1.420027e-04
6.352705e-04 1.580030e-04
6.442886e-04 1.740033e-04
6.533066e-04 1.900035e-04
6.623246e-04 2.060038e-04
6.713427e-04 2.540174e-04
6.803607e-04 3.316675e-04
6.893788e-04 4.093177e-04
6.983968e-04 4.869678e-04
7.074148e-04 5.646179e-04
7.164329e-04 6.422680e-04
7.254509e-04 7.199181e-04
7.344689e-04 8.607706e-04
7.434870e-04 1.006164e-03
7.525050e-04 1.151557e-03
7.615230e-04 1.296950e-03
7.705411e-04 1.442343e-03
7.795591e-04 1.587736e-03
7.885772e-04 1.733129e-03
7.975952e-04 1.949194e-03
8.066132e-04 2.304590e-03
8.156313e-04 2.659986e-03
8.246493e-04 3.015382e-03
8.336673e-04 3.370778e-03
8.426854e-04 3.726174e-03
8.517034e-04 4.081570e-03
8.607214e-04 4.436966e-03
8.697395e-04 4.792362e-03
8.787575e-04 5.147758e-03
8.877756e-04 5.503154e-03
8.967936e-04 5.858550e-03
9.058116e-04 6.213946e-03
9.148297e-04 6.636442e-03
9.238477e-04 7.192812e-03
9.328657e-04 7.749182e-03
9.418838e-04 8.305551e-03
9.509018e-04 8.861921e-03
9.599198e-04 9.418291e-03
9.689379e-04 9.974660e-03
9.779559e-04 1.053103e-02
9.869739e-04 1.108740e-02
9.959920e-04 1.164377e-02
1.005010e-03 1.220014e-02
1.014028e-03 1.275651e-02
1.023046e-03 1.331288e-02
1.032064e-03 1.386925e-02
1.041082e-03 1.442562e-02
1.050100e-03 1.498199e-02
1.059118e-03 1.539799e-02
1.068136e-03 1.532064e-02
1.077154e-03 1.524328e-02
1.086172e-03 1.516593e-02
1.095190e-03 1.508858e-02
1.104208e-03 1.501122e-02
1.113226e-03 1.493387e-02
1.122244e-03 1.485652e-02
1.131263e-03 1.477917e-02
1.140281e-03 1.470181e-02
1.149299e-03 1.462446e-02
1.158317e-03 1.454711e-02
1.167335e-03 1.446975e-02
1.176353e-03 1.439240e-02
1.185371e-03 1.431505e-02
1.194389e-03 1.423769e-02
1.203407e-03 1.416034e-02
1.212425e-03 1.408299e-02
1.221443e-03 1.400563e-02
1.230461e-03 1.392828e-02
1.239479e-03 1.385093e-02
1.248497e-03 1.377357e-02
1.257515e-03 1.369622e-02
1.266533e-03 1.361887e-02
1.275551e-03 1.354152e-02
1.284569e-03 1.346416e-02
1.293587e-03 1.338681e-02
1.302605e-03 1.330946e-02
1.311623e-03 1.323210e-02
1.320641e-03 1.315475e-02
1.329659e-03 1.307740e-02
1.338677e-03 1.300004e-02
1.347695e-03 1.292269e-02
1.356713e-03 1.269007e-02
1.365731e-03 1.225844e-02
1.374749e-03 1.182680e-02
1.383768e-03 1.139517e-02
1.392786e-03 1.096353e-02
1.401804e-03 1.053190e-02
1.410822e-03 1.010027e-02
1.419840e-03 9.668631e-03
1.428858e-03 9.236997e-03
1.437876e-03 8.805363e-03
1.446894e-03 8.373728e-03
1.455912e-03 7.942094e-03
1.464930e-03 7.510460e-03
1.473948e-03 7.078825e-03
1.482966e-03 6.647191e-03
1.491984e-03 6.215556e-03
1.501002e-03 5.974468e-03
1.510020e-03 5.753778e-03
1.519038e-03 5.533089e-03
1.528056e-03 5.312399e-03
1.537074e-03 5.091710e-03
1.546092e-03 4.871020e-03
1.555110e-03 4.650331e-03
1.564128e-03 4.429641e-03
1.573146e-03 4.208952e-03
1.582164e-03 3.988262e-03
1.591182e-03 3.767573e-03
1.600200e-03 3.546883e-03
1.609218e-03 3.326194e-03
1.618236e-03 3.105504e-03
1.627255e-03 2.884815e-03
1.636273e-03 2.664125e-03
1.645291e-03 2.443436e-03
1.654309e-03 2.276010e-03
1.663327e-03 2.213528e-03
1.672345e-03 2.151045e-03
1.681363e-03 2.088563e-03
1.690381e-03 2.026080e-03
1.699399e-03 1.963597e-03
1.708417e-03 1.901115e-03
1.717435e-03 1.838632e-03
1.726453e-03 1.776150e-03
1.735471e-03 1.713667e-03
1.744489e-03 1.651185e-03
1.753507e-03 1.588702e-03
1.762525e-03 1.526220e-03
1.771543e-03 1.463737e-03
1.780561e-03 1.401255e-03
1.789579e-03 1.338772e-03
1.798597e-03 1.276290e-03
1.807615e-03 1.213807e-03
1.816633e-03 1.151325e-03
1.825651e-03 1.088842e-03
1.834669e-03 1.026359e-03
1.843687e-03 9.638770e-04
1.852705e-03 9.013944e-04
1.861723e-03 8.389119e-04
1.870741e-03 8.103811e-04
1.879760e-03 7.899740e-04
1.888778e-03 7.695670e-04
1.897796e-03 7.491599e-04
1.906814e-03 7.287529e-04
1.915832e-03 7.083458e-04
1.924850e-03 6.879388e-04
1.933868e-03 6.675317e-04
1.942886e-03 6.471247e-04
1.951904e-03 6.267176e-04
1.960922e-03 6.063106e-04
1.969940e-03 5.859035e-04
1.978958e-03 5.654965e-04
1.987976e-03 5.450895e-04
1.996994e-03 5.246824e-04
2.006012e-03 5.042754e-04
2.015030e-03 4.838683e-04
2.024048e-03 4.634613e-04
2.033066e-03 4.430542e-04
2.042084e-03 4.226472e-04
2.051102e-03 4.022401e-04
2.060120e-03 3.818331e-04
2.069138e-03 3.614260e-04
2.078156e-03 3.410190e-04
2.087174e-03 3.206119e-04
2.096192e-03 3.059006e-04
2.105210e-03 2.990971e-04
2.114228e-03 2.922937e-04
2.123246e-03 2.854902e-04
2.132265e-03 2.786868e-04
2.141283e-03 2.718833e-04
2.150301e-03 2.650799e-04
2.159319e-03 2.582764e-04
2.168337e-03 2.514730e-04
2.177355e-03 2.446695e-04
2.186373e-03 2.378660e-04
2.195391e-03 2.310626e-04
2.204409e-03 2.242591e-04
2.213427e-03 2.174557e-04
2.222445e-03 2.106522e-04
2.231463e-03 2.038488e-04
2.240481e-03 1.970453e-04
2.249499e-03 1.902419e-04
2.258517e-03 1.834384e-04
2.267535e-03 1.766350e-04
2.276553e-03 1.698315e-04
2.285571e-03 1.630280e-04
2.294589e-03 1.562246e-04
2.303607e-03 1.494211e-04
2.312625e-03 1.426177e-04
2.321643e-03 1.358142e-04
2.330661e-03 1.290108e-04
2.339679e-03 1.270420e-04
2.348697e-03 1.261960e-04
2.357715e-03 1.253499e-04
2.366733e-03 1.245039e-04
2.375752e-03 1.236578e-04
2.384770e-03 1.228118e-04
2.393788e-03 1.219657e-04
2.402806e-03 1.211197e-04
2.411824e-03 1.202736e-04
2.420842e-03 1.194276e-04
2.429860e-03 1.185815e-04
2.438878e-03 1.177355e-04
2.447896e-03 1.168894e-04
2.456914e-03 1.160434e-04
2.465932e-03 1.151974e-04
2.474950e-03 1.143513e-04
2.483968e-03 1.135053e-04
2.492986e-03 1.126592e-04
2.502004e-03 1.118132e-04
2.511022e-03 1.109671e-04
2.520040e-03 1.101211e-04
2.529058e-03 1.092750e-04
2.538076e-03 1.084290e-04
2.547094e-03 1.075829e-04
2.556112e-03 1.067369e-04
2.565130e-03 1.058908e-04
2.574148e-03 1.050448e-04
2.583166e-03 1.041987e-04
2.592184e-03 1.033527e-04
2.601202e-03 1.025066e-04
2.610220e-03 1.016606e-04
2.619238e-03 1.008145e-04
2.628257e-03 9.996850e-05
2.637275e-03 9.912245e-05
2.646293e-03 9.827640e-05
2.655311e-03 9.743035e-05
2.664329e-03 9.658430e-05
2.673347e-03 9.573826e-05
2.682365e-03 9.489221e-05
2.691383e-03 9.404616e-05
2.700401e-03 9.320011e-05
2.709419e-03 9.235407e-05
2.718437e-03 9.150802e-05
2.727455e-03 9.066197e-05
2.736473e-03 8.981592e-05
2.745491e-03 8.896988e-05
2.754509e-03 8.812383e-05
2.763527e-03 8.727778e-05
2.772545e-03 8.643173e-05
2.781563e-03 8.558569e-05
2.790581e-03 8.473964e-05
2.799599e-03 8.389359e-05
2.808617e-03 8.304754e-05
2.817635e-03 8.220149e-05
2.826653e-03 8.135545e-05
2.835671e-03 8.050940e-05
2.844689e-03 7.966335e-05
2.853707e-03 7.881730e-05
2.862725e-03 7.797126e-05
2.871743e-03 7.712521e-05
2.880762e-03 7.627916e-05
2.889780e-03 7.543311e-05
2.898798e-03 7.458707e-05
2.907816e-03 7.374102e-05
2.916834e-03 7.289497e-05
2.925852e-03 7.204892e-05
2.934870e-03 7.120288e-05
2.943888e-03 7.035683e-05
2.952906e-03 6.951078e-05
2.961924e-03 6.866473e-05
2.970942e-03 6.781868e-05
2.979960e-03 6.697264e-05
2.988978e-03 6.612659e-05
2.997996e-03 6.528054e-05
3.007014e-03 6.443449e-05
3.016032e-03 6.358845e-05
3.025050e-03 6.274240e-05
3.034068e-03 6.189635e-05
3.043086e-03 6.116056e-05
3.052104e-03 6.059010e-05
3.061122e-03 6.001964e-05
3.070140e-03 5.944917e-05
3.079158e-03 5.887871e-05
3.088176e-03 5.830824e-05
3.097194e-03 5.773778e-05
3.106212e-03 5.716732e-05
3.115230e-03 5.659685e-05
3.124248e-03 5.602639e-05
3.133267e-03 5.545592e-05
3.142285e-03 5.488546e-05
3.151303e-03 5.431500e-05
3.160321e-03 5.374453e-05
3.169339e-03 5.317407e-05
3.178357e-03 5.260361e-05
3.187375e-03 5.203314e-05
3.196393e-03 5.146268e-05
3.205411e-03 5.089221e-05
3.214429e-03 5.032175e-05
3.223447e-03 4.975129e-05
3.232465e-03 4.918082e-05
3.241483e-03 4.861036e-05
3.250501e-03 4.803989e-05
3.259519e-03 4.746943e-05
3.268537e-03 4.689897e-05
3.277555e-03 4.632850e-05
3.286573e-03 4.575804e-05
3.295591e-03 4.518757e-05
3.304609e-03 4.461711e-05
3.313627e-03 4.404665e-05
3.322645e-03 4.347618e-05
3.331663e-03 4.290572e-05
3.340681e-03 4.233525e-05
3.349699e-03 4.176479e-05
3.358717e-03 4.119433e-05
3.367735e-03 4.062386e-05
3.376754e-03 4.005340e-05
3.385772e-03 3.948294e-05
3.394790e-03 3.891247e-05
3.403808e-03 3.834201e-05
3.412826e-03 3.777154e-05
3.421844e-03 3.720108e-05
3.430862e-03 3.663062e-05
3.439880e-03 3.606015e-05
3.448898e-03 3.548969e-05
3.457916e-03 3.491922e-05
3.466934e-03 3.434876e-05
3.475952e-03 3.377830e-05
3.484970e-03 3.320783e-05
3.493988e-03 3.263737e-05
3.503006e-03 3.206690e-05
3.512024e-03 3.149644e-05
3.521042e-03 3.092598e-05
3.530060e-03 3.035551e-05
3.539078e-03 2.978505e-05
3.548096e-03 2.921458e-05
3.557114e-03 2.864412e-05
3.566132e-03 2.807366e-05
3.575150e-03 2.750319e-05
3.584168e-03 2.693273e-05
3.593186e-03 2.636227e-05
3.602204e-03 2.579180e-05
3.611222e-03 2.522134e-05
3.620240e-03 2.494696e-05
3.629259e-03 2.477553e-05
3.638277e-03 2.460409e-05
3.647295e-03 2.443265e-05
3.656313e-03 2.426121e-05
3.665331e-03 2.408978e-05
3.674349e-03 2.391834e-05
3.683367e-03 2.374690e-05
3.692385e-03 2.357547e-05
3.701403e-03 2.340403e-05
3.710421e-03 2.323259e-05
3.719439e-03 2.306116e-05
3.728457e-03 2.288972e-05
3.737475e-03 2.271828e-05
3.746493e-03 2.254684e-05
3.755511e-03 2.237541e-05
3.764529e-03 2.220397e-05
3.773547e-03 2.203253e-05
3.782565e-03 2.186110e-05
3.791583e-03 2.168966e-05
3.800601e-03 2.151822e-05
3.809619e-03 2.134679e-05
3.818637e-03 2.117535e-05
3.827655e-03 2.100391e-05
3.836673e-03 2.083247e-05
3.845691e-03 2.066104e-05
3.854709e-03 2.048960e-05
3.863727e-03 2.031816e-05
3.872745e-03 2.014673e-05
3.881764e-03 1.997529e-05
3.890782e-03 1.980385e-05
3.899800e-03 1.963242e-05
3.908818e-03 1.946098e-05
3.917836e-03 1.928954e-05
3.926854e-03 1.911810e-05
3.935872e-03 1.894667e-05
3.944890e-03 1.877523e-05
3.953908e-03 1.860379e-05
3.962926e-03 1.843236e-05
3.971944e-03 1.826092e-05
3.980962e-03 1.808948e-05
3.989980e-03 1.791805e-05
3.998998e-03 1.774661e-05
4.008016e-03 1.757517e-05
4.017034e-03 1.740373e-05
4.026052e-03 1.723230e-05
4.035070e-03 1.706086e-05
4.044088e-03 1.688942e-05
4.053106e-03 1.671799e-05
4.062124e-03 1.654655e-05
4.071142e-03 1.637511e-05
4.080160e-03 1.620367e-05
4.089178e-03 1.603224e-05
4.098196e-03 1.586080e-05
4.107214e-03 1.568936e-05
4.116232e-03 1.551793e-05
4.125251e-03 1.534649e-05
4.134269e-03 1.517505e-05
4.143287e-03 1.500362e-05
4.152305e-03 1.483218e-05
4.161323e-03 1.466074e-05
4.170341e-03 1.448930e-05
4.179359e-03 1.431787e-05
4.188377e-03 1.414643e-05
4.197395e-03 1.397499e-05
4.206413e-03 1.380356e-05
4.215431e-03 1.363212e-05
4.224449e-03 1.346068e-05
4.233467e-03 1.328925e-05
4.242485e-03 1.311781e-05
4.251503e-03 1.294637e-05
4.260521e-03 1.277493e-05
4.269539e-03 1.260350e-05
4.278557e-03 1.243206e-05
4.287575e-03 1.226062e-05
4.296593e-03 1.208919e-05
4.305611e-03 1.191775e-05
4.314629e-03 1.174631e-05
4.323647e-03 1.166875e-05
4.332665e-03 1.162867e-05
4.341683e-03 1.158859e-05
4.350701e-03 1.154851e-05
4.359719e-03 1.150843e-05
4.368737e-03 1.146835e-05
4.377756e-03 1.142827e-05
4.386774e-03 1.138819e-05
4.395792e-03 1.134811e-05
4.404810e-03 1.130803e-05
4.413828e-03 1.126794e-05
4.422846e-03 1.122786e-05
4.431864e-03 1.118778e-05
4.440882e-03 1.114770e-05
4.449900e-03 1.110762e-05
4.458918e-03 1.106754e-05
4.467936e-03 1.102746e-05
4.476954e-03 1.098738e-05
4.485972e-03 1.094730e-05
4.494990e-03 1.090722e-05
4.504008e-03 1.086714e-05
4.513026e-03 1.082706e-05
4.522044e-03 1.078698e-05
4.531062e-03 1.074689e-05
4.540080e-03 1.070681e-05
4.549098e-03 1.066673e-05
4.558116e-03 1.062665e-05
4.567134e-03 1.058657e-05
4.576152e-03 1.054649e-05
4.585170e-03 1.050641e-05
4.594188e-03 1.046633e-05
4.603206e-03 1.042625e-05
4.612224e-03 1.038617e-05
4.621242e-03 1.034609e-05
4.630261e-03 1.030601e-05
4.639279e-03 1.026593e-05
4.648297e-03 1.022585e-05
4.657315e-03 1.018576e-05
4.666333e-03 1.014568e-05
4.675351e-03 1.010560e-05
4.684369e-03 1.006552e-05
4.693387e-03 1.002544e-05
4.702405e-03 9.985361e-06
4.711423e-03 9.945280e-06
4.720441e-03 9.905200e-06
4.729459e-03 9.865119e-06
4.738477e-03 9.825038e-06
4.747495e-03 9.784957e-06
4.756513e-03 9.744877e-06
4.765531e-03 9.704796e-06
4.774549e-03 9.664715e-06
4.783567e-03 9.624634e-06
4.792585e-03 9.584554e-06
4.801603e-03 9.544473e-06
4.810621e-03 9.504392e-06
4.819639e-03 9.464312e-06
4.828657e-03 9.424231e-06
4.837675e-03 9.384150e-06
4.846693e-03 9.344069e-06
4.855711e-03 9.303989e-06
4.864729e-03 9.263908e-06
4.873747e-03 9.223827e-06
4.882766e-03 9.183746e-06
4.891784e-03 9.143666e-06
4.900802e-03 9.103585e-06
4.909820e-03 9.063504e-06
4.918838e-03 9.023424e-06
4.927856e-03 8.983343e-06
4.936874e-03 8.943262e-06
4.945892e-03 8.903181e-06
4.954910e-03 8.863101e-06
4.963928e-03 8.823020e-06
4.972946e-03 8.782939e-06
4.981964e-03 8.742858e-06
4.990982e-03 8.702778e-06
5.000000e-03 8.662697e-06