8.100000e-06 6.062780e-02
8.422222e-06 3.386213e-02
8.744444e-06 1.852369e-02
9.066667e-06 1.144818e-02
9.388889e-06 8.717946e-03
9.711111e-06 8.374618e-03
1.003333e-05 1.690170e-02
1.035556e-05 1.995612e-02
1.067778e-05 1.114753e-02
1.100000e-05 4.622891e-03
1.132222e-05 5.794960e-03
1.164444e-05 4.499125e-03
1.196667e-05 1.247177e-02
1.228889e-05 3.980980e-03
1.261111e-05 8.674064e-03
1.293333e-05 1.558859e-03
1.325556e-05 2.332148e-03
1.357778e-05 4.687769e-03
1.390000e-05 6.713536e-03
1.422222e-05 4.245621e-03
1.454444e-05 2.503350e-03
1.486667e-05 4.564008e-03
1.518889e-05 1.664147e-03
1.551111e-05 1.142368e-03
1.583333e-05 1.356769e-03
1.615556e-05 1.886980e-03
1.647778e-05 1.625168e-03
1.680000e-05 8.464669e-04
1.712222e-05 5.905798e-04
1.744444e-05 1.032535e-03
1.776667e-05 1.083665e-03
1.808889e-05 5.709009e-04
1.841111e-05 3.692755e-04
1.873333e-05 4.791805e-04
1.905556e-05 6.084077e-04
1.937778e-05 1.015881e-03
1.970000e-05 2.274530e-03
2.002222e-05 2.315699e-03
2.034444e-05 1.407824e-03
2.066667e-05 8.017465e-04
2.098889e-05 1.830494e-03
2.131111e-05 2.082300e-03
2.163333e-05 7.402081e-04
2.195556e-05 1.053783e-03
2.227778e-05 1.725037e-03
2.260000e-05 1.903584e-03
2.292222e-05 6.158435e-04
2.324444e-05 3.708991e-04
2.356667e-05 4.074775e-04
2.388889e-05 6.472857e-04
2.421111e-05 8.870939e-04
2.453333e-05 1.100095e-03
2.485556e-05 1.013998e-03
2.517778e-05 9.279006e-04
2.550000e-05 8.418035e-04
2.582222e-05 7.557065e-04
2.614444e-05 8.284392e-04
2.646667e-05 1.267350e-03
2.678889e-05 1.175306e-03
2.711111e-05 8.938170e-04
2.743333e-05 6.123280e-04
2.775556e-05 5.418011e-04
2.807778e-05 6.123233e-04
2.840000e-05 6.828456e-04
2.872222e-05 7.238092e-04
2.904444e-05 5.959907e-04
2.936667e-05 4.681723e-04
2.968889e-05 3.403538e-04
3.001111e-05 2.699580e-04
3.033333e-05 3.067001e-04
3.065556e-05 3.434422e-04
3.097778e-05 3.801843e-04
3.130000e-05 4.169264e-04
3.162222e-05 5.287210e-04
3.194444e-05 7.179807e-04
3.226667e-05 9.072403e-04
3.258889e-05 1.096500e-03
3.291111e-05 1.285760e-03
3.323333e-05 1.475019e-03
3.355556e-05 1.664279e-03
3.387778e-05 1.843843e-03
3.420000e-05 1.998303e-03
3.452222e-05 2.152763e-03
3.484444e-05 2.307223e-03
3.516667e-05 2.461683e-03
3.548889e-05 2.238729e-03
3.581111e-05 1.761537e-03
3.613333e-05 1.284345e-03
3.645556e-05 8.071524e-04
3.677778e-05 5.699870e-04
3.710000e-05 9.985983e-04
3.742222e-05 1.427210e-03
3.774444e-05 1.855821e-03
3.806667e-05 2.284432e-03
3.838889e-05 2.713044e-03
3.871111e-05 3.395114e-03
3.903333e-05 6.561357e-03
3.935556e-05 9.727599e-03
3.967778e-05 1.289384e-02
4.000000e-05 1.606008e-02
4.032222e-05 1.922633e-02
4.064444e-05 1.979010e-02
4.096667e-05 1.770816e-02
4.128889e-05 1.562622e-02
4.161111e-05 1.354428e-02
4.193333e-05 1.146234e-02
4.225556e-05 9.380395e-03
4.257778e-05 7.298455e-03
4.290000e-05 5.216515e-03
4.322222e-05 4.166804e-03
4.354444e-05 4.356583e-03
4.386667e-05 4.546362e-03
4.418889e-05 4.736142e-03
4.451111e-05 4.925921e-03
4.483333e-05 5.115700e-03
4.515556e-05 5.305480e-03
4.547778e-05 5.495259e-03
4.580000e-05 3.767137e-03
4.612222e-05 1.858289e-03
4.644444e-05 7.408693e-04
4.676667e-05 7.570801e-04
4.708889e-05 7.732909e-04
4.741111e-05 7.895017e-04
4.773333e-05 8.057125e-04
4.805556e-05 8.219234e-04
4.837778e-05 8.381342e-04
4.870000e-05 8.543450e-04
4.902222e-05 8.705558e-04
4.934444e-05 8.867666e-04
4.966667e-05 9.029774e-04
4.998889e-05 9.191882e-04
5.031111e-05 9.353990e-04
5.063333e-05 9.516098e-04
5.095556e-05 8.500015e-04
5.127778e-05 7.067958e-04
5.160000e-05 5.635902e-04
5.192222e-05 5.351797e-04
5.224444e-05 6.417367e-04
5.256667e-05 7.482938e-04
5.288889e-05 8.548508e-04
5.321111e-05 9.614078e-04
5.353333e-05 1.067965e-03
5.385556e-05 1.174522e-03
5.417778e-05 1.281079e-03
5.450000e-05 1.387636e-03
5.482222e-05 1.494193e-03
5.514444e-05 1.600750e-03
5.546667e-05 1.707307e-03
5.578889e-05 1.813864e-03
5.611111e-05 1.920421e-03
5.643333e-05 2.015735e-03
5.675556e-05 1.947154e-03
5.707778e-05 1.878573e-03
5.740000e-05 1.809993e-03
5.772222e-05 1.741412e-03
5.804444e-05 1.672831e-03
5.836667e-05 1.604251e-03
5.868889e-05 1.535670e-03
5.901111e-05 1.467089e-03
5.933333e-05 1.398509e-03
5.965556e-05 1.329928e-03
5.997778e-05 1.261347e-03
6.030000e-05 1.192767e-03
6.062222e-05 1.124186e-03
6.094444e-05 1.055605e-03
6.126667e-05 9.870244e-04
6.158889e-05 9.184437e-04
6.191111e-05 8.498630e-04
6.223333e-05 7.812823e-04
6.255556e-05 7.127017e-04
6.287778e-05 6.441210e-04
6.320000e-05 5.755403e-04
6.352222e-05 5.069596e-04
6.384444e-05 4.666507e-04
6.416667e-05 5.434462e-04
6.448889e-05 6.202416e-04
6.481111e-05 6.970370e-04
6.513333e-05 7.738324e-04
6.545556e-05 8.506279e-04
6.577778e-05 9.274233e-04
6.610000e-05 1.004219e-03
6.642222e-05 1.081014e-03
6.674444e-05 1.157810e-03
6.706667e-05 1.234605e-03
6.738889e-05 1.311400e-03
6.771111e-05 1.388196e-03
6.803333e-05 1.464991e-03
6.835556e-05 1.541787e-03
6.867778e-05 1.618582e-03
6.900000e-05 1.695378e-03
6.932222e-05 1.772173e-03
6.964444e-05 1.848968e-03
6.996667e-05 1.925764e-03
7.028889e-05 2.002559e-03
7.061111e-05 2.079355e-03
7.093333e-05 2.156150e-03
7.125556e-05 2.232946e-03
7.157778e-05 2.183704e-03
7.190000e-05 2.093520e-03
7.222222e-05 2.003336e-03
7.254444e-05 1.913152e-03
7.286667e-05 1.822968e-03
7.318889e-05 1.732784e-03
7.351111e-05 1.642599e-03
7.383333e-05 1.552415e-03
7.415556e-05 1.462231e-03
7.447778e-05 1.372047e-03
7.480000e-05 1.281863e-03
7.512222e-05 1.191679e-03
7.544444e-05 1.101494e-03
7.576667e-05 1.011310e-03
7.608889e-05 9.211261e-04
7.641111e-05 8.309419e-04
7.673333e-05 7.407578e-04
7.705556e-05 6.505736e-04
7.737778e-05 5.603894e-04
7.770000e-05 4.702053e-04
7.802222e-05 3.800211e-04
7.834444e-05 2.898369e-04
7.866667e-05 1.996528e-04
7.898889e-05 1.094686e-04
7.931111e-05 1.192580e-04
7.963333e-05 1.359633e-04
7.995556e-05 1.526687e-04
8.027778e-05 1.693741e-04
8.060000e-05 1.860795e-04
8.092222e-05 2.027848e-04
8.124444e-05 2.194902e-04
8.156667e-05 2.361956e-04
8.188889e-05 2.529009e-04
8.221111e-05 2.696063e-04
8.253333e-05 2.863117e-04
8.285556e-05 3.030170e-04
8.317778e-05 3.197224e-04
8.350000e-05 3.364278e-04
8.382222e-05 3.531332e-04
8.414444e-05 3.698385e-04
8.446667e-05 3.865439e-04
8.478889e-05 4.032493e-04
8.511111e-05 4.199546e-04
8.543333e-05 4.366600e-04
8.575556e-05 4.208999e-04
8.607778e-05 4.001047e-04
8.640000e-05 3.793095e-04
8.672222e-05 3.585142e-04
8.704444e-05 3.377190e-04
8.736667e-05 3.169238e-04
8.768889e-05 2.961286e-04
8.801111e-05 2.753334e-04
8.833333e-05 2.545382e-04
8.865556e-05 2.337430e-04
8.897778e-05 2.129478e-04
8.930000e-05 1.921526e-04
8.962222e-05 1.713574e-04
8.994444e-05 1.505621e-04
9.026667e-05 1.297669e-04
9.058889e-05 1.089717e-04
9.091111e-05 8.817651e-05
9.123333e-05 7.671146e-05
9.155556e-05 7.853632e-05
9.187778e-05 8.036119e-05
9.220000e-05 8.218606e-05
9.252222e-05 8.401093e-05
9.284444e-05 8.583579e-05
9.316667e-05 8.766066e-05
9.348889e-05 8.948553e-05
9.381111e-05 9.131039e-05
9.413333e-05 9.313526e-05
9.445556e-05 9.496013e-05
9.477778e-05 9.678500e-05
9.510000e-05 9.860986e-05
9.542222e-05 1.004347e-04
9.574444e-05 1.022596e-04
9.606667e-05 1.040845e-04
9.638889e-05 1.059093e-04
9.671111e-05 1.077342e-04
9.703333e-05 1.095591e-04
9.735556e-05 1.113839e-04
9.767778e-05 1.132088e-04
9.800000e-05 1.150337e-04
9.832222e-05 1.168585e-04
9.864444e-05 1.186834e-04
9.896667e-05 1.205083e-04
9.928889e-05 1.223331e-04
9.961111e-05 1.241580e-04
9.993333e-05 1.259829e-04
1.002556e-04 1.278077e-04
1.005778e-04 1.296326e-04
1.009000e-04 1.314575e-04
1.012222e-04 1.332823e-04
1.015444e-04 1.351072e-04
1.018667e-04 1.369321e-04
1.021889e-04 1.387569e-04
1.025111e-04 1.405818e-04
1.028333e-04 1.424067e-04
1.031556e-04 1.442315e-04
1.034778e-04 1.460564e-04
1.038000e-04 1.478813e-04
1.041222e-04 1.497061e-04
1.044444e-04 1.515310e-04
1.047667e-04 1.533559e-04
1.050889e-04 1.551807e-04
1.054111e-04 1.570056e-04
1.057333e-04 1.588305e-04
1.060556e-04 1.606553e-04
1.063778e-04 1.624802e-04
1.067000e-04 1.643051e-04
1.070222e-04 1.661300e-04
1.073444e-04 1.679548e-04
1.076667e-04 1.697797e-04
1.079889e-04 1.716046e-04
1.083111e-04 1.734294e-04
1.086333e-04 1.752543e-04
1.089556e-04 1.770792e-04
1.092778e-04 1.789040e-04
1.096000e-04 1.807289e-04
1.099222e-04 1.825538e-04
1.102444e-04 1.843786e-04
1.105667e-04 1.862035e-04
1.108889e-04 1.880284e-04
1.112111e-04 1.898532e-04
1.115333e-04 1.916781e-04
1.118556e-04 1.935030e-04
1.121778e-04 1.953278e-04
1.125000e-04 1.971527e-04
1.128222e-04 1.989776e-04
1.131444e-04 2.008024e-04
1.134667e-04 2.026273e-04
1.137889e-04 2.044522e-04
1.141111e-04 2.062770e-04
1.144333e-04 2.087268e-04
1.147556e-04 2.209102e-04
1.150778e-04 2.330937e-04
1.154000e-04 2.452771e-04
1.157222e-04 2.574606e-04
1.160444e-04 2.696440e-04
1.163667e-04 2.818275e-04
1.166889e-04 2.940109e-04
1.170111e-04 3.061944e-04
1.173333e-04 3.183778e-04
1.176556e-04 3.305613e-04
1.179778e-04 3.427447e-04
1.183000e-04 3.549282e-04
1.186222e-04 3.671116e-04
1.189444e-04 3.792951e-04
1.192667e-04 3.914785e-04
1.195889e-04 4.036620e-04
1.199111e-04 4.158454e-04
1.202333e-04 4.218988e-04
1.205556e-04 4.274362e-04
1.208778e-04 4.329735e-04
1.212000e-04 4.385108e-04
1.215222e-04 4.440481e-04
1.218444e-04 4.495854e-04
1.221667e-04 4.551227e-04
1.224889e-04 4.606600e-04
1.228111e-04 4.661973e-04
1.231333e-04 4.717346e-04
1.234556e-04 4.772719e-04
1.237778e-04 4.828093e-04
1.241000e-04 4.883466e-04
1.244222e-04 4.938839e-04
1.247444e-04 4.994212e-04
1.250667e-04 5.049585e-04
1.253889e-04 5.104958e-04
1.257111e-04 5.160331e-04
1.260333e-04 5.215704e-04
1.263556e-04 5.271077e-04
1.266778e-04 5.326450e-04
1.270000e-04 5.381824e-04
1.273222e-04 5.437197e-04
1.276444e-04 5.492570e-04
1.279667e-04 5.547943e-04
1.282889e-04 5.603316e-04
1.286111e-04 5.658689e-04
1.289333e-04 5.714062e-04
1.292556e-04 5.769435e-04
1.295778e-04 5.824808e-04
1.299000e-04 5.880181e-04
1.302222e-04 5.935554e-04
1.305444e-04 5.990928e-04
1.308667e-04 6.046301e-04
1.311889e-04 6.101674e-04
1.315111e-04 6.157047e-04
1.318333e-04 6.212420e-04
1.321556e-04 6.267793e-04
1.324778e-04 6.323166e-04
1.328000e-04 6.378539e-04
1.331222e-04 6.433912e-04
1.334444e-04 6.489285e-04
1.337667e-04 6.544659e-04
1.340889e-04 6.600032e-04
1.344111e-04 6.655405e-04
1.347333e-04 6.710778e-04
1.350556e-04 6.766151e-04
1.353778e-04 6.821524e-04
1.357000e-04 6.876897e-04
1.360222e-04 6.932270e-04
1.363444e-04 6.987643e-04
1.366667e-04 7.043016e-04
1.369889e-04 7.098390e-04
1.373111e-04 7.153763e-04
1.376333e-04 7.209136e-04
1.379556e-04 7.264509e-04
1.382778e-04 7.319882e-04
1.386000e-04 7.375255e-04
1.389222e-04 7.430628e-04
1.392444e-04 7.486001e-04
1.395667e-04 7.541374e-04
1.398889e-04 7.596747e-04
1.402111e-04 7.652121e-04
1.405333e-04 7.707494e-04
1.408556e-04 7.762867e-04
1.411778e-04 7.818240e-04
1.415000e-04 7.873613e-04
1.418222e-04 7.928986e-04
1.421444e-04 7.984359e-04
1.424667e-04 8.039732e-04
1.427889e-04 8.095105e-04
1.431111e-04 8.150478e-04
1.434333e-04 8.205852e-04
1.437556e-04 8.261225e-04
1.440778e-04 8.316598e-04
1.444000e-04 8.371971e-04
1.447222e-04 8.427344e-04
1.450444e-04 8.482717e-04
1.453667e-04 8.538090e-04
1.456889e-04 8.593463e-04
1.460111e-04 8.648836e-04
1.463333e-04 8.704209e-04
1.466556e-04 8.759583e-04
1.469778e-04 8.814956e-04
1.473000e-04 8.870329e-04
1.476222e-04 8.925702e-04
1.479444e-04 8.981075e-04
1.482667e-04 9.036448e-04
1.485889e-04 9.091821e-04
1.489111e-04 9.147194e-04
1.492333e-04 9.202567e-04
1.495556e-04 9.256561e-04
1.498778e-04 9.237353e-04
1.502000e-04 9.218145e-04
1.505222e-04 9.198937e-04
1.508444e-04 9.179729e-04
1.511667e-04 9.160521e-04
1.514889e-04 9.141312e-04
1.518111e-04 9.122104e-04
1.521333e-04 9.102896e-04
1.524556e-04 9.083688e-04
1.527778e-04 9.064480e-04
1.531000e-04 9.045272e-04
1.534222e-04 9.026064e-04
1.537444e-04 9.006856e-04
1.540667e-04 8.987647e-04
1.543889e-04 8.968439e-04
1.547111e-04 8.949231e-04
1.550333e-04 8.930023e-04
1.553556e-04 8.910815e-04
1.556778e-04 8.891607e-04
1.560000e-04 8.872399e-04
1.563222e-04 8.853191e-04
1.566444e-04 8.833982e-04
1.569667e-04 8.814774e-04
1.572889e-04 8.795566e-04
1.576111e-04 8.776358e-04
1.579333e-04 8.757150e-04
1.582556e-04 8.737942e-04
1.585778e-04 8.718734e-04
1.589000e-04 8.699526e-04
1.592222e-04 8.680317e-04
1.595444e-04 8.661109e-04
1.598667e-04 8.641901e-04
1.601889e-04 8.622693e-04
1.605111e-04 8.603485e-04
1.608333e-04 8.584277e-04
1.611556e-04 8.565069e-04
1.614778e-04 8.545861e-04
1.618000e-04 8.526652e-04
1.621222e-04 8.507444e-04
1.624444e-04 8.488236e-04
1.627667e-04 8.469028e-04
1.630889e-04 8.449820e-04
1.634111e-04 8.430612e-04
1.637333e-04 8.411404e-04
1.640556e-04 8.392196e-04
1.643778e-04 8.372987e-04
1.647000e-04 8.353779e-04
1.650222e-04 8.334571e-04
1.653444e-04 8.315363e-04
1.656667e-04 8.296155e-04
1.659889e-04 8.276947e-04
1.663111e-04 8.257739e-04
1.666333e-04 8.238531e-04
1.669556e-04 8.219322e-04
1.672778e-04 8.200114e-04
1.676000e-04 8.180906e-04
1.679222e-04 8.161698e-04
1.682444e-04 8.142490e-04
1.685667e-04 8.123282e-04
1.688889e-04 8.104074e-04
1.692111e-04 8.084866e-04
1.695333e-04 8.065657e-04
1.698556e-04 8.046449e-04
1.701778e-04 8.027241e-04
1.705000e-04 8.008033e-04
1.708222e-04 7.988825e-04
1.711444e-04 7.969617e-04
1.714667e-04 7.950409e-04
1.717889e-04 7.931201e-04
1.721111e-04 7.911992e-04
1.724333e-04 7.892784e-04
1.727556e-04 7.873576e-04
1.730778e-04 7.854368e-04
1.734000e-04 7.835160e-04
1.737222e-04 7.815952e-04
1.740444e-04 7.796744e-04
1.743667e-04 7.777535e-04
1.746889e-04 7.758327e-04
1.750111e-04 7.739119e-04
1.753333e-04 7.719911e-04
1.756556e-04 7.700703e-04
1.759778e-04 7.681495e-04
1.763000e-04 7.662287e-04
1.766222e-04 7.643079e-04
1.769444e-04 7.623870e-04
1.772667e-04 7.604662e-04
1.775889e-04 7.585454e-04
1.779111e-04 7.566246e-04
1.782333e-04 7.547038e-04
1.785556e-04 7.527830e-04
1.788778e-04 7.508622e-04
1.792000e-04 7.489414e-04
1.795222e-04 7.470205e-04
1.798444e-04 7.450997e-04
1.801667e-04 7.431789e-04
1.804889e-04 7.412581e-04
1.808111e-04 7.393373e-04
1.811333e-04 7.374165e-04
1.814556e-04 7.354957e-04
1.817778e-04 7.335749e-04
1.821000e-04 7.316540e-04
1.824222e-04 7.297332e-04
1.827444e-04 7.278124e-04
1.830667e-04 7.258916e-04
1.833889e-04 7.239708e-04
1.837111e-04 7.220500e-04
1.840333e-04 7.201292e-04
1.843556e-04 7.182084e-04
1.846778e-04 7.162875e-04
1.850000e-04 7.143667e-04
1.853222e-04 7.124459e-04
1.856444e-04 7.105251e-04
1.859667e-04 7.086043e-04
1.862889e-04 7.066835e-04
1.866111e-04 7.047627e-04
1.869333e-04 7.028419e-04
1.872556e-04 7.009210e-04
1.875778e-04 6.990002e-04
1.879000e-04 6.970794e-04
1.882222e-04 6.951586e-04
1.885444e-04 6.932378e-04
1.888667e-04 6.913170e-04
1.891889e-04 6.893962e-04
1.895111e-04 6.874754e-04
1.898333e-04 6.855545e-04
1.901556e-04 6.836337e-04
1.904778e-04 6.817129e-04
1.908000e-04 6.797921e-04
1.911222e-04 6.778713e-04
1.914444e-04 6.759505e-04
1.917667e-04 6.740297e-04
1.920889e-04 6.721089e-04
1.924111e-04 6.701880e-04
1.927333e-04 6.682672e-04
1.930556e-04 6.663464e-04
1.933778e-04 6.644256e-04
1.937000e-04 6.625048e-04
1.940222e-04 6.605840e-04
1.943444e-04 6.586632e-04
1.946667e-04 6.567424e-04
1.949889e-04 6.548215e-04
1.953111e-04 6.529007e-04
1.956333e-04 6.509799e-04
1.959556e-04 6.490591e-04
1.962778e-04 6.471383e-04
1.966000e-04 6.452175e-04
1.969222e-04 6.432967e-04
1.972444e-04 6.413759e-04
1.975667e-04 6.394550e-04
1.978889e-04 6.375342e-04
1.982111e-04 6.356134e-04
1.985333e-04 6.336926e-04
1.988556e-04 6.317718e-04
1.991778e-04 6.298510e-04
1.995000e-04 6.279302e-04
1.998222e-04 6.260093e-04
2.001444e-04 6.240885e-04
2.004667e-04 6.221677e-04
2.007889e-04 6.202469e-04
2.011111e-04 6.183261e-04
2.014333e-04 6.164053e-04
2.017556e-04 6.144845e-04
2.020778e-04 6.125637e-04
2.024000e-04 6.106428e-04
2.027222e-04 6.087220e-04
2.030444e-04 6.068012e-04
2.033667e-04 6.048804e-04
2.036889e-04 6.029596e-04
2.040111e-04 6.010388e-04
2.043333e-04 5.991180e-04
2.046556e-04 5.971972e-04
2.049778e-04 5.952763e-04
2.053000e-04 5.933555e-04
2.056222e-04 5.914347e-04
2.059444e-04 5.895139e-04
2.062667e-04 5.875931e-04
2.065889e-04 5.856723e-04
2.069111e-04 5.837570e-04
2.072333e-04 5.818638e-04
2.075556e-04 5.799706e-04
2.078778e-04 5.780774e-04
2.082000e-04 5.761841e-04
2.085222e-04 5.742909e-04
2.088444e-04 5.723977e-04
2.091667e-04 5.705045e-04
2.094889e-04 5.686113e-04
2.098111e-04 5.667181e-04
2.101333e-04 5.648248e-04
2.104556e-04 5.629316e-04
2.107778e-04 5.610384e-04
2.111000e-04 5.591452e-04
2.114222e-04 5.572520e-04
2.117444e-04 5.553587e-04
2.120667e-04 5.534655e-04
2.123889e-04 5.515723e-04
2.127111e-04 5.496791e-04
2.130333e-04 5.477859e-04
2.133556e-04 5.458927e-04
2.136778e-04 5.439994e-04
2.140000e-04 5.421062e-04
2.143222e-04 5.402130e-04
2.146444e-04 5.383198e-04
2.149667e-04 5.364266e-04
2.152889e-04 5.345334e-04
2.156111e-04 5.326401e-04
2.159333e-04 5.307469e-04
2.162556e-04 5.288537e-04
2.165778e-04 5.269605e-04
2.169000e-04 5.250673e-04
2.172222e-04 5.231740e-04
2.175444e-04 5.212808e-04
2.178667e-04 5.193876e-04
2.181889e-04 5.174944e-04
2.185111e-04 5.156012e-04
2.188333e-04 5.137080e-04
2.191556e-04 5.118147e-04
2.194778e-04 5.099215e-04
2.198000e-04 5.080283e-04
2.201222e-04 5.061351e-04
2.204444e-04 5.042419e-04
2.207667e-04 5.023487e-04
2.210889e-04 5.004554e-04
2.214111e-04 4.985622e-04
2.217333e-04 4.966690e-04
2.220556e-04 4.947758e-04
2.223778e-04 4.928826e-04
2.227000e-04 4.909893e-04
2.230222e-04 4.890961e-04
2.233444e-04 4.872029e-04
2.236667e-04 4.853097e-04
2.239889e-04 4.834165e-04
2.243111e-04 4.815233e-04
2.246333e-04 4.796300e-04
2.249556e-04 4.777368e-04
2.252778e-04 4.758436e-04
2.256000e-04 4.739504e-04
2.259222e-04 4.720572e-04
2.262444e-04 4.701640e-04
2.265667e-04 4.682707e-04
2.268889e-04 4.663775e-04
2.272111e-04 4.644843e-04
2.275333e-04 4.625911e-04
2.278556e-04 4.606979e-04
2.281778e-04 4.588046e-04
2.285000e-04 4.569114e-04
2.288222e-04 4.550182e-04
2.291444e-04 4.531250e-04
2.294667e-04 4.512318e-04
2.297889e-04 4.493386e-04
2.301111e-04 4.474453e-04
2.304333e-04 4.455521e-04
2.307556e-04 4.436589e-04
2.310778e-04 4.417657e-04
2.314000e-04 4.398725e-04
2.317222e-04 4.379792e-04
2.320444e-04 4.360860e-04
2.323667e-04 4.341928e-04
2.326889e-04 4.322996e-04
2.330111e-04 4.304064e-04
2.333333e-04 4.285132e-04
2.336556e-04 4.266199e-04
2.339778e-04 4.247267e-04
2.343000e-04 4.228335e-04
2.346222e-04 4.209403e-04
2.349444e-04 4.190471e-04
2.352667e-04 4.171539e-04
2.355889e-04 4.152606e-04
2.359111e-04 4.133674e-04
2.362333e-04 4.114742e-04
2.365556e-04 4.095810e-04
2.368778e-04 4.076878e-04
2.372000e-04 4.057945e-04
2.375222e-04 4.039013e-04
2.378444e-04 4.020081e-04
2.381667e-04 4.001149e-04
2.384889e-04 3.982217e-04
2.388111e-04 3.963285e-04
2.391333e-04 3.944352e-04
2.394556e-04 3.925420e-04
2.397778e-04 3.906488e-04
2.401000e-04 3.887556e-04
2.404222e-04 3.868624e-04
2.407444e-04 3.849692e-04
2.410667e-04 3.830759e-04
2.413889e-04 3.811827e-04
2.417111e-04 3.792895e-04
2.420333e-04 3.773963e-04
2.423556e-04 3.755031e-04
2.426778e-04 3.736098e-04
2.430000e-04 3.717166e-04
2.433222e-04 3.698234e-04
2.436444e-04 3.679302e-04
2.439667e-04 3.660370e-04
2.442889e-04 3.641438e-04
2.446111e-04 3.622505e-04
2.449333e-04 3.603573e-04
2.452556e-04 3.584641e-04
2.455778e-04 3.565709e-04
2.459000e-04 3.546777e-04
2.462222e-04 3.528456e-04
2.465444e-04 3.514774e-04
2.468667e-04 3.501092e-04
2.471889e-04 3.487410e-04
2.475111e-04 3.473728e-04
2.478333e-04 3.460046e-04
2.481556e-04 3.446364e-04
2.484778e-04 3.432681e-04
2.488000e-04 3.418999e-04
2.491222e-04 3.405317e-04
2.494444e-04 3.391635e-04
2.497667e-04 3.377953e-04
2.500889e-04 3.364271e-04
2.504111e-04 3.350589e-04
2.507333e-04 3.336907e-04
2.510556e-04 3.323225e-04
2.513778e-04 3.309543e-04
2.517000e-04 3.295861e-04
2.520222e-04 3.282179e-04
2.523444e-04 3.268497e-04
2.526667e-04 3.254815e-04
2.529889e-04 3.241133e-04
2.533111e-04 3.227451e-04
2.536333e-04 3.213768e-04
2.539556e-04 3.200086e-04
2.542778e-04 3.186404e-04
2.546000e-04 3.172722e-04
2.549222e-04 3.159040e-04
2.552444e-04 3.145358e-04
2.555667e-04 3.131676e-04
2.558889e-04 3.117994e-04
2.562111e-04 3.104312e-04
2.565333e-04 3.090630e-04
2.568556e-04 3.076948e-04
2.571778e-04 3.063266e-04
2.575000e-04 3.049584e-04
2.578222e-04 3.035902e-04
2.581444e-04 3.022220e-04
2.584667e-04 3.008538e-04
2.587889e-04 2.994856e-04
2.591111e-04 2.981173e-04
2.594333e-04 2.967491e-04
2.597556e-04 2.953809e-04
2.600778e-04 2.940127e-04
2.604000e-04 2.926445e-04
2.607222e-04 2.912763e-04
2.610444e-04 2.899081e-04
2.613667e-04 2.885399e-04
2.616889e-04 2.871717e-04
2.620111e-04 2.858035e-04
2.623333e-04 2.844353e-04
2.626556e-04 2.830671e-04
2.629778e-04 2.816989e-04
2.633000e-04 2.803307e-04
2.636222e-04 2.789625e-04
2.639444e-04 2.775943e-04
2.642667e-04 2.762260e-04
2.645889e-04 2.748578e-04
2.649111e-04 2.734896e-04
2.652333e-04 2.721214e-04
2.655556e-04 2.707532e-04
2.658778e-04 2.693850e-04
2.662000e-04 2.680168e-04
2.665222e-04 2.666486e-04
2.668444e-04 2.652804e-04
2.671667e-04 2.639122e-04
2.674889e-04 2.625440e-04
2.678111e-04 2.611758e-04
2.681333e-04 2.598076e-04
2.684556e-04 2.584394e-04
2.687778e-04 2.570712e-04
2.691000e-04 2.557030e-04
2.694222e-04 2.543347e-04
2.697444e-04 2.529665e-04
2.700667e-04 2.515983e-04
2.703889e-04 2.502301e-04
2.707111e-04 2.488619e-04
2.710333e-04 2.474937e-04
2.713556e-04 2.461255e-04
2.716778e-04 2.447573e-04
2.720000e-04 2.433891e-04
2.723222e-04 2.420209e-04
2.726444e-04 2.406527e-04
2.729667e-04 2.392845e-04
2.732889e-04 2.379163e-04
2.736111e-04 2.365481e-04
2.739333e-04 2.351799e-04
2.742556e-04 2.338117e-04
2.745778e-04 2.324435e-04
2.749000e-04 2.310752e-04
2.752222e-04 2.297070e-04
2.755444e-04 2.283388e-04
2.758667e-04 2.269706e-04
2.761889e-04 2.256024e-04
2.765111e-04 2.242342e-04
2.768333e-04 2.228660e-04
2.771556e-04 2.214978e-04
2.774778e-04 2.201296e-04
2.778000e-04 2.187614e-04
2.781222e-04 2.173932e-04
2.784444e-04 2.160250e-04
2.787667e-04 2.146568e-04
2.790889e-04 2.132886e-04
2.794111e-04 2.119204e-04
2.797333e-04 2.105522e-04
2.800556e-04 2.091839e-04
2.803778e-04 2.078157e-04
2.807000e-04 2.064475e-04
2.810222e-04 2.050793e-04
2.813444e-04 2.037111e-04
2.816667e-04 2.023429e-04
2.819889e-04 2.009747e-04
2.823111e-04 1.996065e-04
2.826333e-04 1.982383e-04
2.829556e-04 1.968701e-04
2.832778e-04 1.955019e-04
2.836000e-04 1.941337e-04
2.839222e-04 1.927655e-04
2.842444e-04 1.913973e-04
2.845667e-04 1.900291e-04
2.848889e-04 1.886609e-04
2.852111e-04 1.872926e-04
2.855333e-04 1.859244e-04
2.858556e-04 1.845562e-04
2.861778e-04 1.831880e-04
2.865000e-04 1.818198e-04
2.868222e-04 1.804516e-04
2.871444e-04 1.790834e-04
2.874667e-04 1.777152e-04
2.877889e-04 1.763470e-04
2.881111e-04 1.749788e-04
2.884333e-04 1.736106e-04
2.887556e-04 1.722424e-04
2.890778e-04 1.708742e-04
2.894000e-04 1.695060e-04
2.897222e-04 1.681378e-04
2.900444e-04 1.667696e-04
2.903667e-04 1.654013e-04
2.906889e-04 1.640331e-04
2.910111e-04 1.626649e-04
2.913333e-04 1.612967e-04
2.916556e-04 1.599285e-04
2.919778e-04 1.585603e-04
2.923000e-04 1.571921e-04
2.926222e-04 1.558239e-04
2.929444e-04 1.547469e-04
2.932667e-04 1.540550e-04
2.935889e-04 1.533631e-04
2.939111e-04 1.526712e-04
2.942333e-04 1.519793e-04
2.945556e-04 1.512874e-04
2.948778e-04 1.505955e-04
2.952000e-04 1.499036e-04
2.955222e-04 1.492117e-04
2.958444e-04 1.485198e-04
2.961667e-04 1.478279e-04
2.964889e-04 1.471360e-04
2.968111e-04 1.464440e-04
2.971333e-04 1.457521e-04
2.974556e-04 1.450602e-04
2.977778e-04 1.443683e-04
2.981000e-04 1.436764e-04
2.984222e-04 1.429845e-04
2.987444e-04 1.422926e-04
2.990667e-04 1.416007e-04
2.993889e-04 1.409088e-04
2.997111e-04 1.402169e-04
3.000333e-04 1.395250e-04
3.003556e-04 1.388331e-04
3.006778e-04 1.381411e-04
3.010000e-04 1.374492e-04
3.013222e-04 1.367573e-04
3.016444e-04 1.360654e-04
3.019667e-04 1.353735e-04
3.022889e-04 1.346816e-04
3.026111e-04 1.339897e-04
3.029333e-04 1.332978e-04
3.032556e-04 1.326059e-04
3.035778e-04 1.319140e-04
3.039000e-04 1.312221e-04
3.042222e-04 1.305302e-04
3.045444e-04 1.298383e-04
3.048667e-04 1.291463e-04
3.051889e-04 1.284544e-04
3.055111e-04 1.277625e-04
3.058333e-04 1.270706e-04
3.061556e-04 1.263787e-04
3.064778e-04 1.256868e-04
3.068000e-04 1.249949e-04
3.071222e-04 1.243030e-04
3.074444e-04 1.236111e-04
3.077667e-04 1.229192e-04
3.080889e-04 1.222273e-04
3.084111e-04 1.215354e-04
3.087333e-04 1.208434e-04
3.090556e-04 1.201515e-04
3.093778e-04 1.194596e-04
3.097000e-04 1.187677e-04
3.100222e-04 1.180758e-04
3.103444e-04 1.173839e-04
3.106667e-04 1.166920e-04
3.109889e-04 1.160001e-04
3.113111e-04 1.153082e-04
3.116333e-04 1.146163e-04
3.119556e-04 1.139244e-04
3.122778e-04 1.132325e-04
3.126000e-04 1.125405e-04
3.129222e-04 1.118486e-04
3.132444e-04 1.111567e-04
3.135667e-04 1.104648e-04
3.138889e-04 1.097729e-04
3.142111e-04 1.090810e-04
3.145333e-04 1.083891e-04
3.148556e-04 1.076972e-04
3.151778e-04 1.070053e-04
3.155000e-04 1.063134e-04
3.158222e-04 1.056215e-04
3.161444e-04 1.049296e-04
3.164667e-04 1.042376e-04
3.167889e-04 1.035457e-04
3.171111e-04 1.028538e-04
3.174333e-04 1.021619e-04
3.177556e-04 1.014700e-04
3.180778e-04 1.007781e-04
3.184000e-04 1.000862e-04
3.187222e-04 9.939429e-05
3.190444e-04 9.870238e-05
3.193667e-04 9.801047e-05
3.196889e-04 9.731857e-05
3.200111e-04 9.662666e-05
3.203333e-04 9.593475e-05
3.206556e-04 9.524284e-05
3.209778e-04 9.455093e-05
3.213000e-04 9.385903e-05
3.216222e-04 9.316712e-05
3.219444e-04 9.247521e-05
3.222667e-04 9.178330e-05
3.225889e-04 9.109139e-05
3.229111e-04 9.039949e-05
3.232333e-04 8.970758e-05
3.235556e-04 8.901567e-05
3.238778e-04 8.832376e-05
3.242000e-04 8.763185e-05
3.245222e-04 8.693994e-05
3.248444e-04 8.624804e-05
3.251667e-04 8.555613e-05
3.254889e-04 8.486422e-05
3.258111e-04 8.417231e-05
3.261333e-04 8.348040e-05
3.264556e-04 8.278850e-05
3.267778e-04 8.209659e-05
3.271000e-04 8.140468e-05
3.274222e-04 8.071277e-05
3.277444e-04 8.002086e-05
3.280667e-04 7.932895e-05
3.283889e-04 7.863705e-05
3.287111e-04 7.794514e-05
3.290333e-04 7.725323e-05
3.293556e-04 7.656132e-05
3.296778e-04 7.586941e-05
3.300000e-04 7.517751e-05