5.000000e-06 2.314190e-03
5.025025e-06 3.414227e-03
5.050050e-06 4.514264e-03
5.075075e-06 5.614301e-03
5.100100e-06 6.714338e-03
5.125125e-06 7.814375e-03
5.150150e-06 8.914412e-03
5.175175e-06 1.001445e-02
5.200200e-06 1.111449e-02
5.225225e-06 1.221452e-02
5.250250e-06 1.331456e-02
5.275275e-06 1.441460e-02
5.300300e-06 1.551463e-02
5.325325e-06 1.661467e-02
5.350350e-06 1.771471e-02
5.375375e-06 1.881475e-02
5.400400e-06 2.042564e-02
5.425425e-06 2.216062e-02
5.450450e-06 2.389559e-02
5.475475e-06 2.563056e-02
5.500501e-06 2.736553e-02
5.525526e-06 2.945609e-02
5.550551e-06 3.195325e-02
5.575576e-06 3.445041e-02
5.600601e-06 3.694757e-02
5.625626e-06 3.944474e-02
5.650651e-06 4.945655e-02
5.675676e-06 6.236771e-02
5.700701e-06 7.527886e-02
5.725726e-06 8.819002e-02
5.750751e-06 1.011012e-01
5.775776e-06 1.044595e-01
5.800801e-06 9.918761e-02
5.825826e-06 9.391567e-02
5.850851e-06 8.864374e-02
5.875876e-06 8.337180e-02
5.900901e-06 7.809986e-02
5.925926e-06 7.282793e-02
5.950951e-06 6.755599e-02
5.975976e-06 6.228405e-02
6.001001e-06 5.793970e-02
6.026026e-06 5.375360e-02
6.051051e-06 4.956751e-02
6.076076e-06 4.578823e-02
6.101101e-06 4.616070e-02
6.126126e-06 4.653318e-02
6.151151e-06 4.690565e-02
6.176176e-06 4.727813e-02
6.201201e-06 4.765060e-02
6.226226e-06 4.802308e-02
6.251251e-06 4.839556e-02
6.276276e-06 4.876803e-02
6.301301e-06 4.914051e-02
6.326326e-06 4.951298e-02
6.351351e-06 4.988546e-02
6.376376e-06 5.025793e-02
6.401401e-06 4.929239e-02
6.426426e-06 4.796796e-02
6.451451e-06 4.664353e-02
6.476476e-06 4.531909e-02
6.501502e-06 4.399466e-02
6.526527e-06 4.267023e-02
6.551552e-06 4.175955e-02
6.576577e-06 4.108351e-02
6.601602e-06 4.040747e-02
6.626627e-06 3.973143e-02
6.651652e-06 3.905539e-02
6.676677e-06 3.837935e-02
6.701702e-06 3.770330e-02
6.726727e-06 3.702726e-02
6.751752e-06 3.628709e-02
6.776777e-06 3.553838e-02
6.801802e-06 3.478966e-02
6.826827e-06 3.404095e-02
6.851852e-06 3.329224e-02
6.876877e-06 3.254352e-02
6.901902e-06 3.179481e-02
6.926927e-06 3.061436e-02
6.951952e-06 2.938619e-02
6.976977e-06 2.815801e-02
7.002002e-06 2.692983e-02
7.027027e-06 2.570165e-02
7.052052e-06 2.447348e-02
7.077077e-06 2.324530e-02
7.102102e-06 2.276185e-02
7.127127e-06 2.251714e-02
7.152152e-06 2.227242e-02
7.177177e-06 2.202771e-02
7.202202e-06 2.178299e-02
7.227227e-06 2.153828e-02
7.252252e-06 2.129356e-02
7.277277e-06 2.104885e-02
7.302302e-06 2.079545e-02
7.327327e-06 2.024180e-02
7.352352e-06 1.968816e-02
7.377377e-06 1.913452e-02
7.402402e-06 1.858087e-02
7.427427e-06 1.802723e-02
7.452452e-06 1.747358e-02
7.477477e-06 1.691994e-02
7.502503e-06 1.636629e-02
7.527528e-06 1.581265e-02
7.552553e-06 1.525900e-02
7.577578e-06 1.489736e-02
7.602603e-06 1.460588e-02
7.627628e-06 1.431439e-02
7.652653e-06 1.402291e-02
7.677678e-06 1.373143e-02
7.702703e-06 1.343995e-02
7.727728e-06 1.314847e-02
7.752753e-06 1.285699e-02
7.777778e-06 1.256550e-02
7.802803e-06 1.228010e-02
7.827828e-06 1.199915e-02
7.852853e-06 1.171820e-02
7.877878e-06 1.143724e-02
7.902903e-06 1.115629e-02
7.927928e-06 1.087533e-02
7.952953e-06 1.059438e-02
7.977978e-06 1.031343e-02
8.003003e-06 1.003247e-02
8.028028e-06 9.751519e-03
8.053053e-06 9.470565e-03
8.078078e-06 9.192739e-03
8.103103e-06 8.917640e-03
8.128128e-06 8.642542e-03
8.153153e-06 8.367443e-03
8.178178e-06 8.092345e-03
8.203203e-06 7.817246e-03
8.228228e-06 7.542148e-03
8.253253e-06 7.267049e-03
8.278278e-06 6.991951e-03
8.303303e-06 6.716853e-03
8.328328e-06 6.441754e-03
8.353353e-06 6.166656e-03
8.378378e-06 5.891557e-03
8.403403e-06 5.616459e-03
8.428428e-06 5.341360e-03
8.453453e-06 5.066262e-03
8.478478e-06 4.791163e-03
8.503504e-06 4.549806e-03
8.528529e-06 4.348665e-03
8.553554e-06 4.147525e-03
8.578579e-06 3.946385e-03
8.603604e-06 3.745244e-03
8.628629e-06 3.544104e-03
8.653654e-06 3.342964e-03
8.678679e-06 3.141823e-03
8.703704e-06 2.940683e-03
8.728729e-06 2.739542e-03
8.753754e-06 2.538402e-03
8.778779e-06 2.337262e-03
8.803804e-06 2.136121e-03
8.828829e-06 1.934981e-03
8.853854e-06 1.733840e-03
8.878879e-06 1.817287e-03
8.903904e-06 1.930433e-03
8.928929e-06 2.043578e-03
8.953954e-06 2.156724e-03
8.978979e-06 2.269869e-03
9.004004e-06 2.383015e-03
9.029029e-06 2.496161e-03
9.054054e-06 2.609306e-03
9.079079e-06 2.722452e-03
9.104104e-06 2.835597e-03
9.129129e-06 2.948743e-03
9.154154e-06 3.061889e-03
9.179179e-06 3.175034e-03
9.204204e-06 3.288180e-03
9.229229e-06 3.401326e-03
9.254254e-06 3.514471e-03
9.279279e-06 3.627617e-03
9.304304e-06 3.740762e-03
9.329329e-06 3.853908e-03
9.354354e-06 3.967054e-03
9.379379e-06 4.371896e-03
9.404404e-06 4.869435e-03
9.429429e-06 5.366973e-03
9.454454e-06 5.864512e-03
9.479479e-06 6.362051e-03
9.504505e-06 6.859590e-03
9.529530e-06 7.357129e-03
9.554555e-06 7.854667e-03
9.579580e-06 8.352206e-03
9.604605e-06 8.849745e-03
9.629630e-06 9.347284e-03
9.654655e-06 9.844822e-03
9.679680e-06 1.034236e-02
9.704705e-06 1.083990e-02
9.729730e-06 1.133744e-02
9.754755e-06 1.183498e-02
9.779780e-06 1.233252e-02
9.804805e-06 1.283006e-02
9.829830e-06 1.295923e-02
9.854855e-06 1.307770e-02
9.879880e-06 1.319617e-02
9.904905e-06 1.331464e-02
9.929930e-06 1.343311e-02
9.954955e-06 1.355158e-02
9.979980e-06 1.367005e-02
1.000501e-05 1.378852e-02
1.003003e-05 1.390699e-02
1.005506e-05 1.402546e-02
1.008008e-05 1.414393e-02
1.010511e-05 1.426240e-02
1.013013e-05 1.438087e-02
1.015516e-05 1.449613e-02
1.018018e-05 1.438808e-02
1.020521e-05 1.428002e-02
1.023023e-05 1.417197e-02
1.025526e-05 1.406392e-02
1.028028e-05 1.395586e-02
1.030531e-05 1.384781e-02
1.033033e-05 1.373976e-02
1.035536e-05 1.363170e-02
1.038038e-05 1.352365e-02
1.040541e-05 1.341560e-02
1.043043e-05 1.330754e-02
1.045546e-05 1.317861e-02
1.048048e-05 1.288601e-02
1.050551e-05 1.259341e-02
1.053053e-05 1.230081e-02
1.055556e-05 1.200821e-02
1.058058e-05 1.171561e-02
1.060561e-05 1.142302e-02
1.063063e-05 1.113042e-02
1.065566e-05 1.083782e-02
1.068068e-05 1.054522e-02
1.070571e-05 1.025262e-02
1.073073e-05 9.960019e-03
1.075576e-05 9.750072e-03
1.078078e-05 9.972324e-03
1.080581e-05 1.019458e-02
1.083083e-05 1.041683e-02
1.085586e-05 1.063908e-02
1.088088e-05 1.086133e-02
1.090591e-05 1.108359e-02
1.093093e-05 1.130584e-02
1.095596e-05 1.152809e-02
1.098098e-05 1.175034e-02
1.100601e-05 1.197260e-02
1.103103e-05 1.219485e-02
1.105606e-05 1.241710e-02
1.108108e-05 1.263935e-02
1.110611e-05 1.286161e-02
1.113113e-05 1.308386e-02
1.115616e-05 1.330611e-02
1.118118e-05 1.352837e-02
1.120621e-05 1.372520e-02
1.123123e-05 1.389750e-02
1.125626e-05 1.406980e-02
1.128128e-05 1.424210e-02
1.130631e-05 1.441440e-02
1.133133e-05 1.458670e-02
1.135636e-05 1.475900e-02
1.138138e-05 1.493130e-02
1.140641e-05 1.510360e-02
1.143143e-05 1.527591e-02
1.145646e-05 1.544821e-02
1.148148e-05 1.562051e-02
1.150651e-05 1.579281e-02
1.153153e-05 1.596511e-02
1.155656e-05 1.613741e-02
1.158158e-05 1.630971e-02
1.160661e-05 1.648201e-02
1.163163e-05 1.665242e-02
1.165666e-05 1.666517e-02
1.168168e-05 1.667793e-02
1.170671e-05 1.669068e-02
1.173173e-05 1.670344e-02
1.175676e-05 1.671619e-02
1.178178e-05 1.672895e-02
1.180681e-05 1.674171e-02
1.183183e-05 1.675446e-02
1.185686e-05 1.676722e-02
1.188188e-05 1.677997e-02
1.190691e-05 1.679273e-02
1.193193e-05 1.680549e-02
1.195696e-05 1.681824e-02
1.198198e-05 1.683100e-02
1.200701e-05 1.684375e-02
1.203203e-05 1.685651e-02
1.205706e-05 1.686927e-02
1.208208e-05 1.688202e-02
1.210711e-05 1.689478e-02
1.213213e-05 1.690753e-02
1.215716e-05 1.996751e-02
1.218218e-05 2.347611e-02
1.220721e-05 2.698470e-02
1.223223e-05 3.049330e-02
1.225726e-05 3.400189e-02
1.228228e-05 3.751049e-02
1.230731e-05 4.101908e-02
1.233233e-05 4.452768e-02
1.235736e-05 4.803627e-02
1.238238e-05 5.154486e-02
1.240741e-05 5.505346e-02
1.243243e-05 5.856205e-02
1.245746e-05 6.207065e-02
1.248248e-05 6.557924e-02
1.250751e-05 6.908784e-02
1.253253e-05 7.241809e-02
1.255756e-05 7.242337e-02
1.258258e-05 7.242865e-02
1.260761e-05 7.243393e-02
1.263263e-05 7.243921e-02
1.265766e-05 7.244449e-02
1.268268e-05 7.244977e-02
1.270771e-05 7.245505e-02
1.273273e-05 7.246033e-02
1.275776e-05 7.246561e-02
1.278278e-05 7.247089e-02
1.280781e-05 7.247617e-02
1.283283e-05 7.248145e-02
1.285786e-05 7.248672e-02
1.288288e-05 7.249200e-02
1.290791e-05 7.249728e-02
1.293293e-05 7.250256e-02
1.295796e-05 7.250784e-02
1.298298e-05 7.251312e-02
1.300801e-05 7.251840e-02
1.303303e-05 7.252368e-02
1.305806e-05 7.252896e-02
1.308308e-05 7.253424e-02
1.310811e-05 7.253952e-02
1.313313e-05 7.254480e-02
1.315816e-05 7.255008e-02
1.318318e-05 7.255536e-02
1.320821e-05 7.256064e-02
1.323323e-05 7.256592e-02
1.325826e-05 7.257120e-02
1.328328e-05 7.257648e-02
1.330831e-05 7.258176e-02
1.333333e-05 7.258704e-02
1.335836e-05 7.259232e-02
1.338338e-05 7.259760e-02
1.340841e-05 7.260288e-02
1.343343e-05 7.260816e-02
1.345846e-05 7.261344e-02
1.348348e-05 7.261872e-02
1.350851e-05 7.262400e-02
1.353353e-05 7.262928e-02
1.355856e-05 7.263456e-02
1.358358e-05 7.263983e-02
1.360861e-05 7.264511e-02
1.363363e-05 7.265039e-02
1.365866e-05 7.265567e-02
1.368368e-05 7.266095e-02
1.370871e-05 7.266623e-02
1.373373e-05 7.267151e-02
1.375876e-05 7.604388e-02
1.378378e-05 7.935356e-02
1.380881e-05 7.935152e-02
1.383383e-05 7.934948e-02
1.385886e-05 7.934744e-02
1.388388e-05 7.934540e-02
1.390891e-05 7.934336e-02
1.393393e-05 7.934132e-02
1.395896e-05 7.933928e-02
1.398398e-05 7.933724e-02
1.400901e-05 7.933520e-02
1.403403e-05 7.933317e-02
1.405906e-05 7.933113e-02
1.408408e-05 7.932909e-02
1.410911e-05 7.932705e-02
1.413413e-05 7.932501e-02
1.415916e-05 7.932297e-02
1.418418e-05 7.932093e-02
1.420921e-05 7.931889e-02
1.423423e-05 7.931685e-02
1.425926e-05 7.931481e-02
1.428428e-05 7.931278e-02
1.430931e-05 7.931074e-02
1.433433e-05 7.930870e-02
1.435936e-05 7.930666e-02
1.438438e-05 7.930462e-02
1.440941e-05 7.930258e-02
1.443443e-05 7.930054e-02
1.445946e-05 7.929850e-02
1.448448e-05 7.929646e-02
1.450951e-05 7.929442e-02
1.453453e-05 7.929239e-02
1.455956e-05 7.929035e-02
1.458458e-05 7.928831e-02
1.460961e-05 7.928627e-02
1.463463e-05 7.928423e-02
1.465966e-05 7.928219e-02
1.468468e-05 7.928015e-02
1.470971e-05 7.927811e-02
1.473473e-05 7.927607e-02
1.475976e-05 7.927403e-02
1.478478e-05 7.927200e-02
1.480981e-05 7.926996e-02
1.483483e-05 7.926792e-02
1.485986e-05 7.926588e-02
1.488488e-05 7.926384e-02
1.490991e-05 7.926180e-02
1.493493e-05 7.925976e-02
1.495996e-05 7.925772e-02
1.498498e-05 7.925568e-02
1.501001e-05 7.925364e-02
1.503504e-05 7.925161e-02
1.506006e-05 7.924957e-02
1.508509e-05 7.924753e-02
1.511011e-05 7.924549e-02
1.513514e-05 7.924345e-02
1.516016e-05 7.924141e-02
1.518519e-05 7.923937e-02
1.521021e-05 7.923733e-02
1.523524e-05 7.923529e-02
1.526026e-05 7.923325e-02
1.528529e-05 7.923122e-02
1.531031e-05 7.922918e-02
1.533534e-05 7.922714e-02
1.536036e-05 7.922510e-02
1.538539e-05 7.922306e-02
1.541041e-05 7.922102e-02
1.543544e-05 7.921898e-02
1.546046e-05 7.921694e-02
1.548549e-05 7.921490e-02
1.551051e-05 7.921286e-02
1.553554e-05 7.921083e-02
1.556056e-05 7.920879e-02
1.558559e-05 7.920675e-02
1.561061e-05 7.920471e-02
1.563564e-05 7.920267e-02
1.566066e-05 7.920063e-02
1.568569e-05 7.919859e-02
1.571071e-05 7.919655e-02
1.573574e-05 7.919451e-02
1.576076e-05 7.919247e-02
1.578579e-05 7.919044e-02
1.581081e-05 7.918840e-02
1.583584e-05 7.918636e-02
1.586086e-05 7.918432e-02
1.588589e-05 7.918228e-02
1.591091e-05 4.626238e-02
1.593594e-05 1.543444e-02
1.596096e-05 1.543443e-02
1.598599e-05 1.543442e-02
1.601101e-05 1.543441e-02
1.603604e-05 1.543441e-02
1.606106e-05 1.543440e-02
1.608609e-05 1.543439e-02
1.611111e-05 1.543438e-02
1.613614e-05 1.543437e-02
1.616116e-05 1.543436e-02
1.618619e-05 1.543435e-02
1.621121e-05 1.543434e-02
1.623624e-05 1.543433e-02
1.626126e-05 1.543433e-02
1.628629e-05 1.543432e-02
1.631131e-05 1.543431e-02
1.633634e-05 1.543430e-02
1.636136e-05 1.543429e-02
1.638639e-05 1.543428e-02
1.641141e-05 1.543427e-02
1.643644e-05 1.543426e-02
1.646146e-05 1.543426e-02
1.648649e-05 1.543425e-02
1.651151e-05 1.543424e-02
1.653654e-05 1.543423e-02
1.656156e-05 1.543422e-02
1.658659e-05 1.543421e-02
1.661161e-05 1.543420e-02
1.663664e-05 1.543419e-02
1.666166e-05 1.543419e-02
1.668669e-05 1.543418e-02
1.671171e-05 1.543417e-02
1.673674e-05 1.543416e-02
1.676176e-05 1.543415e-02
1.678679e-05 1.543414e-02
1.681181e-05 1.543413e-02
1.683684e-05 1.543412e-02
1.686186e-05 1.543411e-02
1.688689e-05 1.543411e-02
1.691191e-05 1.543410e-02
1.693694e-05 1.543409e-02
1.696196e-05 1.543408e-02
1.698699e-05 1.543407e-02
1.701201e-05 1.543406e-02
1.703704e-05 1.543405e-02
1.706206e-05 1.543404e-02
1.708709e-05 1.543404e-02
1.711211e-05 1.543403e-02
1.713714e-05 1.543402e-02
1.716216e-05 1.543401e-02
1.718719e-05 1.543400e-02
1.721221e-05 1.543399e-02
1.723724e-05 1.543398e-02
1.726226e-05 1.543397e-02
1.728729e-05 1.543396e-02
1.731231e-05 1.543396e-02
1.733734e-05 1.543395e-02
1.736236e-05 1.543394e-02
1.738739e-05 1.543393e-02
1.741241e-05 1.543392e-02
1.743744e-05 1.543391e-02
1.746246e-05 1.543390e-02
1.748749e-05 1.543389e-02
1.751251e-05 1.543389e-02
1.753754e-05 1.543388e-02
1.756256e-05 1.543387e-02
1.758759e-05 1.543386e-02
1.761261e-05 1.543385e-02
1.763764e-05 1.543384e-02
1.766266e-05 1.543383e-02
1.768769e-05 1.543382e-02
1.771271e-05 1.543381e-02
1.773774e-05 1.543381e-02
1.776276e-05 1.543380e-02
1.778779e-05 1.543379e-02
1.781281e-05 1.543378e-02
1.783784e-05 1.543377e-02
1.786286e-05 1.543376e-02
1.788789e-05 1.543375e-02
1.791291e-05 1.543374e-02
1.793794e-05 1.543374e-02
1.796296e-05 1.543373e-02
1.798799e-05 1.543372e-02
1.801301e-05 1.543371e-02
1.803804e-05 1.543370e-02
1.806306e-05 1.543369e-02
1.808809e-05 1.543368e-02
1.811311e-05 1.543367e-02
1.813814e-05 1.543366e-02
1.816316e-05 1.543366e-02
1.818819e-05 1.543365e-02
1.821321e-05 1.543364e-02
1.823824e-05 1.543363e-02
1.826326e-05 1.543362e-02
1.828829e-05 1.543361e-02
1.831331e-05 1.543360e-02
1.833834e-05 1.543359e-02
1.836336e-05 1.543359e-02
1.838839e-05 1.543358e-02
1.841341e-05 1.543357e-02
1.843844e-05 1.543356e-02
1.846346e-05 1.543355e-02
1.848849e-05 1.543354e-02
1.851351e-05 1.543353e-02
1.853854e-05 1.543352e-02
1.856356e-05 1.543351e-02
1.858859e-05 1.543351e-02
1.861361e-05 1.543350e-02
1.863864e-05 1.543349e-02
1.866366e-05 1.543348e-02
1.868869e-05 1.543347e-02
1.871371e-05 1.543346e-02
1.873874e-05 1.543345e-02
1.876376e-05 1.543344e-02
1.878879e-05 1.543344e-02
1.881381e-05 1.543343e-02
1.883884e-05 1.543342e-02
1.886386e-05 1.543341e-02
1.888889e-05 1.543340e-02
1.891391e-05 1.543339e-02
1.893894e-05 1.543338e-02
1.896396e-05 1.543337e-02
1.898899e-05 1.543336e-02
1.901401e-05 1.543336e-02
1.903904e-05 1.543335e-02
1.906406e-05 1.543334e-02
1.908909e-05 1.543333e-02
1.911411e-05 1.543332e-02
1.913914e-05 1.543331e-02
1.916416e-05 1.543330e-02
1.918919e-05 1.543329e-02
1.921421e-05 1.543329e-02
1.923924e-05 1.543328e-02
1.926426e-05 1.543327e-02
1.928929e-05 1.543326e-02
1.931431e-05 1.543325e-02
1.933934e-05 1.543324e-02
1.936436e-05 1.543323e-02
1.938939e-05 1.543322e-02
1.941441e-05 1.543321e-02
1.943944e-05 1.543321e-02
1.946446e-05 1.543320e-02
1.948949e-05 1.543319e-02
1.951451e-05 1.543318e-02
1.953954e-05 1.543317e-02
1.956456e-05 1.543316e-02
1.958959e-05 1.543315e-02
1.961461e-05 1.543314e-02
1.963964e-05 1.543314e-02
1.966466e-05 1.543313e-02
1.968969e-05 1.543312e-02
1.971471e-05 1.543311e-02
1.973974e-05 1.543310e-02
1.976476e-05 1.543309e-02
1.978979e-05 1.543308e-02
1.981481e-05 1.543307e-02
1.983984e-05 1.543306e-02
1.986486e-05 1.543306e-02
1.988989e-05 1.543305e-02
1.991491e-05 1.543304e-02
1.993994e-05 1.543303e-02
1.996496e-05 7.554135e-03
1.998999e-05 1.542767e-03
2.001502e-05 1.542076e-03
2.004004e-05 1.541385e-03
2.006507e-05 1.540694e-03
2.009009e-05 1.540002e-03
2.011512e-05 1.539311e-03
2.014014e-05 1.538620e-03
2.016517e-05 1.537929e-03
2.019019e-05 1.537238e-03
2.021522e-05 1.536547e-03
2.024024e-05 1.535856e-03
2.026527e-05 1.535165e-03
2.029029e-05 1.534473e-03
2.031532e-05 1.533782e-03
2.034034e-05 1.533091e-03
2.036537e-05 1.532400e-03
2.039039e-05 1.531709e-03
2.041542e-05 1.531018e-03
2.044044e-05 1.530327e-03
2.046547e-05 1.529636e-03
2.049049e-05 1.528945e-03
2.051552e-05 1.528253e-03
2.054054e-05 1.527562e-03
2.056557e-05 1.526871e-03
2.059059e-05 1.526180e-03
2.061562e-05 1.525489e-03
2.064064e-05 1.524798e-03
2.066567e-05 1.524107e-03
2.069069e-05 1.523416e-03
2.071572e-05 1.522724e-03
2.074074e-05 1.522033e-03
2.076577e-05 1.521342e-03
2.079079e-05 1.520651e-03
2.081582e-05 1.519960e-03
2.084084e-05 1.519269e-03
2.086587e-05 1.518578e-03
2.089089e-05 1.517887e-03
2.091592e-05 1.517195e-03
2.094094e-05 1.516504e-03
2.096597e-05 1.515813e-03
2.099099e-05 1.515122e-03
2.101602e-05 1.514431e-03
2.104104e-05 1.513740e-03
2.106607e-05 1.513049e-03
2.109109e-05 1.512358e-03
2.111612e-05 1.511666e-03
2.114114e-05 1.510975e-03
2.116617e-05 1.510284e-03
2.119119e-05 1.509593e-03
2.121622e-05 1.508902e-03
2.124124e-05 1.508211e-03
2.126627e-05 1.507520e-03
2.129129e-05 1.506829e-03
2.131632e-05 1.506138e-03
2.134134e-05 1.505446e-03
2.136637e-05 1.504755e-03
2.139139e-05 1.504064e-03
2.141642e-05 1.503373e-03
2.144144e-05 1.502682e-03
2.146647e-05 1.501991e-03
2.149149e-05 1.501300e-03
2.151652e-05 1.500609e-03
2.154154e-05 1.499917e-03
2.156657e-05 1.499226e-03
2.159159e-05 1.498535e-03
2.161662e-05 1.497844e-03
2.164164e-05 1.497153e-03
2.166667e-05 1.496462e-03
2.169169e-05 1.495771e-03
2.171672e-05 1.495080e-03
2.174174e-05 1.494388e-03
2.176677e-05 1.493697e-03
2.179179e-05 1.493006e-03
2.181682e-05 1.492315e-03
2.184184e-05 1.491624e-03
2.186687e-05 1.490933e-03
2.189189e-05 1.490242e-03
2.191692e-05 1.489551e-03
2.194194e-05 1.488860e-03
2.196697e-05 1.488168e-03
2.199199e-05 1.487477e-03
2.201702e-05 1.486786e-03
2.204204e-05 1.486095e-03
2.206707e-05 1.485404e-03
2.209209e-05 1.484713e-03
2.211712e-05 1.484022e-03
2.214214e-05 1.483331e-03
2.216717e-05 1.482639e-03
2.219219e-05 1.481948e-03
2.221722e-05 1.481257e-03
2.224224e-05 1.480566e-03
2.226727e-05 1.479875e-03
2.229229e-05 1.479184e-03
2.231732e-05 1.478493e-03
2.234234e-05 1.477802e-03
2.236737e-05 1.477110e-03
2.239239e-05 1.476419e-03
2.241742e-05 1.475728e-03
2.244244e-05 1.475037e-03
2.246747e-05 1.474346e-03
2.249249e-05 1.473655e-03
2.251752e-05 1.472964e-03
2.254254e-05 1.472273e-03
2.256757e-05 1.471581e-03
2.259259e-05 1.470890e-03
2.261762e-05 1.470199e-03
2.264264e-05 1.469508e-03
2.266767e-05 1.468817e-03
2.269269e-05 1.468126e-03
2.271772e-05 1.467435e-03
2.274274e-05 1.466744e-03
2.276777e-05 1.466053e-03
2.279279e-05 1.465361e-03
2.281782e-05 1.464670e-03
2.284284e-05 1.463979e-03
2.286787e-05 1.463288e-03
2.289289e-05 1.462597e-03
2.291792e-05 1.461906e-03
2.294294e-05 1.461215e-03
2.296797e-05 1.460524e-03
2.299299e-05 1.459832e-03
2.301802e-05 1.459141e-03
2.304304e-05 1.458450e-03
2.306807e-05 1.457759e-03
2.309309e-05 1.457068e-03
2.311812e-05 1.456377e-03
2.314314e-05 1.455686e-03
2.316817e-05 1.454995e-03
2.319319e-05 1.454303e-03
2.321822e-05 1.453612e-03
2.324324e-05 1.452921e-03
2.326827e-05 1.452230e-03
2.329329e-05 1.451539e-03
2.331832e-05 1.450848e-03
2.334334e-05 1.450157e-03
2.336837e-05 1.449466e-03
2.339339e-05 1.448774e-03
2.341842e-05 1.448083e-03
2.344344e-05 1.447392e-03
2.346847e-05 1.446701e-03
2.349349e-05 1.446010e-03
2.351852e-05 1.445319e-03
2.354354e-05 1.444628e-03
2.356857e-05 1.443937e-03
2.359359e-05 1.443246e-03
2.361862e-05 1.442554e-03
2.364364e-05 1.441863e-03
2.366867e-05 1.441172e-03
2.369369e-05 1.440481e-03
2.371872e-05 1.439790e-03
2.374374e-05 1.439099e-03
2.376877e-05 1.438408e-03
2.379379e-05 1.437717e-03
2.381882e-05 1.437025e-03
2.384384e-05 1.436334e-03
2.386887e-05 1.435643e-03
2.389389e-05 1.434952e-03
2.391892e-05 1.434261e-03
2.394394e-05 1.433570e-03
2.396897e-05 1.432879e-03
2.399399e-05 1.432188e-03
2.401902e-05 1.431496e-03
2.404404e-05 1.430805e-03
2.406907e-05 1.430114e-03
2.409409e-05 1.429423e-03
2.411912e-05 1.428732e-03
2.414414e-05 1.428041e-03
2.416917e-05 1.427350e-03
2.419419e-05 1.426659e-03
2.421922e-05 1.425967e-03
2.424424e-05 1.425276e-03
2.426927e-05 1.424585e-03
2.429429e-05 1.423894e-03
2.431932e-05 1.423203e-03
2.434434e-05 1.422512e-03
2.436937e-05 1.421821e-03
2.439439e-05 1.421130e-03
2.441942e-05 1.420439e-03
2.444444e-05 1.419747e-03
2.446947e-05 1.419056e-03
2.449449e-05 1.418365e-03
2.451952e-05 1.417674e-03
2.454454e-05 1.416983e-03
2.456957e-05 1.416292e-03
2.459459e-05 1.415601e-03
2.461962e-05 1.414910e-03
2.464464e-05 1.414218e-03
2.466967e-05 1.413527e-03
2.469469e-05 1.412836e-03
2.471972e-05 1.412145e-03
2.474474e-05 1.411454e-03
2.476977e-05 1.410763e-03
2.479479e-05 1.410072e-03
2.481982e-05 1.409381e-03
2.484484e-05 1.408689e-03
2.486987e-05 1.407998e-03
2.489489e-05 1.407307e-03
2.491992e-05 1.406616e-03
2.494494e-05 1.405925e-03
2.496997e-05 1.405234e-03
2.499499e-05 1.404543e-03
2.502002e-05 1.403852e-03
2.504505e-05 1.403161e-03
2.507007e-05 1.402469e-03
2.509510e-05 1.401778e-03
2.512012e-05 1.401087e-03
2.514515e-05 1.400396e-03
2.517017e-05 1.399705e-03
2.519520e-05 1.399014e-03
2.522022e-05 1.398323e-03
2.524525e-05 1.397632e-03
2.527027e-05 1.396940e-03
2.529530e-05 1.396249e-03
2.532032e-05 1.395558e-03
2.534535e-05 1.394867e-03
2.537037e-05 1.394176e-03
2.539540e-05 1.393485e-03
2.542042e-05 1.392794e-03
2.544545e-05 1.392103e-03
2.547047e-05 1.391411e-03
2.549550e-05 1.390720e-03
2.552052e-05 1.390029e-03
2.554555e-05 1.389338e-03
2.557057e-05 1.388647e-03
2.559560e-05 1.387956e-03
2.562062e-05 1.387265e-03
2.564565e-05 1.386574e-03
2.567067e-05 1.385882e-03
2.569570e-05 1.385191e-03
2.572072e-05 1.384500e-03
2.574575e-05 1.383809e-03
2.577077e-05 1.383118e-03
2.579580e-05 1.382427e-03
2.582082e-05 1.381736e-03
2.584585e-05 1.381045e-03
2.587087e-05 1.380354e-03
2.589590e-05 1.379662e-03
2.592092e-05 1.378971e-03
2.594595e-05 1.378280e-03
2.597097e-05 1.377589e-03
2.599600e-05 1.376898e-03
2.602102e-05 1.376207e-03
2.604605e-05 1.375516e-03
2.607107e-05 1.374825e-03
2.609610e-05 1.374133e-03
2.612112e-05 1.373442e-03
2.614615e-05 1.372751e-03
2.617117e-05 1.372060e-03
2.619620e-05 1.371369e-03
2.622122e-05 1.370678e-03
2.624625e-05 1.369987e-03
2.627127e-05 1.369296e-03
2.629630e-05 1.368604e-03
2.632132e-05 1.367913e-03
2.634635e-05 1.367222e-03
2.637137e-05 1.366531e-03
2.639640e-05 1.365840e-03
2.642142e-05 1.365149e-03
2.644645e-05 1.364458e-03
2.647147e-05 1.363767e-03
2.649650e-05 1.363075e-03
2.652152e-05 1.362384e-03
2.654655e-05 1.361693e-03
2.657157e-05 1.361002e-03
2.659660e-05 1.360311e-03
2.662162e-05 1.359620e-03
2.664665e-05 1.358929e-03
2.667167e-05 1.358238e-03
2.669670e-05 1.357547e-03
2.672172e-05 1.356855e-03
2.674675e-05 1.356164e-03
2.677177e-05 1.355473e-03
2.679680e-05 1.354782e-03
2.682182e-05 1.354091e-03
2.684685e-05 1.353400e-03
2.687187e-05 1.352709e-03
2.689690e-05 1.352018e-03
2.692192e-05 1.351326e-03
2.694695e-05 1.350635e-03
2.697197e-05 1.349944e-03
2.699700e-05 1.349253e-03
2.702202e-05 1.348562e-03
2.704705e-05 1.347871e-03
2.707207e-05 1.347180e-03
2.709710e-05 1.346489e-03
2.712212e-05 1.345797e-03
2.714715e-05 1.345106e-03
2.717217e-05 1.344415e-03
2.719720e-05 1.343724e-03
2.722222e-05 1.343033e-03
2.724725e-05 1.342342e-03
2.727227e-05 1.341651e-03
2.729730e-05 1.340960e-03
2.732232e-05 1.340268e-03
2.734735e-05 1.339577e-03
2.737237e-05 1.338886e-03
2.739740e-05 1.338195e-03
2.742242e-05 1.337504e-03
2.744745e-05 1.336813e-03
2.747247e-05 1.336122e-03
2.749750e-05 1.335431e-03
2.752252e-05 1.334740e-03
2.754755e-05 1.334048e-03
2.757257e-05 1.333357e-03
2.759760e-05 1.332666e-03
2.762262e-05 1.331975e-03
2.764765e-05 1.331284e-03
2.767267e-05 1.330593e-03
2.769770e-05 1.329902e-03
2.772272e-05 1.329211e-03
2.774775e-05 1.328519e-03
2.777277e-05 1.327828e-03
2.779780e-05 1.327137e-03
2.782282e-05 1.326446e-03
2.784785e-05 1.325755e-03
2.787287e-05 1.325064e-03
2.789790e-05 1.324373e-03
2.792292e-05 1.323682e-03
2.794795e-05 1.322990e-03
2.797297e-05 1.322299e-03
2.799800e-05 1.319449e-03
2.802302e-05 1.293938e-03
2.804805e-05 1.268427e-03
2.807307e-05 1.242915e-03
2.809810e-05 1.217404e-03
2.812312e-05 1.191893e-03
2.814815e-05 1.166381e-03
2.817317e-05 1.140870e-03
2.819820e-05 1.115359e-03
2.822322e-05 1.089848e-03
2.824825e-05 1.064336e-03
2.827327e-05 1.038825e-03
2.829830e-05 1.013314e-03
2.832332e-05 9.878022e-04
2.834835e-05 9.622909e-04
2.837337e-05 9.367795e-04
2.839840e-05 9.112682e-04
2.842342e-05 8.857569e-04
2.844845e-05 8.602455e-04
2.847347e-05 8.347342e-04
2.849850e-05 8.092229e-04
2.852352e-05 7.837116e-04
2.854855e-05 7.582002e-04
2.857357e-05 7.326889e-04
2.859860e-05 7.071776e-04
2.862362e-05 6.816662e-04
2.864865e-05 6.561549e-04
2.867367e-05 6.306436e-04
2.869870e-05 6.051322e-04
2.872372e-05 5.796209e-04
2.874875e-05 5.541096e-04
2.877377e-05 5.285983e-04
2.879880e-05 5.030869e-04
2.882382e-05 4.775756e-04
2.884885e-05 4.520643e-04
2.887387e-05 4.265529e-04
2.889890e-05 4.010416e-04
2.892392e-05 3.755303e-04
2.894895e-05 3.500189e-04
2.897397e-05 3.245076e-04
2.899900e-05 2.989963e-04
2.902402e-05 2.734850e-04
2.904905e-05 2.479736e-04
2.907407e-05 2.224623e-04
2.909910e-05 1.969510e-04
2.912412e-05 1.714396e-04
2.914915e-05 1.459283e-04
2.917417e-05 1.204170e-04
2.919920e-05 9.490565e-05
2.922422e-05 6.939432e-05
2.924925e-05 4.388299e-05
2.927427e-05 1.837166e-05
2.929930e-05 -7.139668e-06
2.932432e-05 -3.265100e-05
2.934935e-05 -5.816233e-05
2.937437e-05 -8.367366e-05
2.939940e-05 -1.091850e-04
2.942442e-05 -1.346963e-04
2.944945e-05 -1.602076e-04
2.947447e-05 -1.857190e-04
2.949950e-05 -2.112303e-04
2.952452e-05 -2.367416e-04
2.954955e-05 -2.622530e-04
2.957457e-05 -2.877643e-04
2.959960e-05 -3.132756e-04
2.962462e-05 -3.387870e-04
2.964965e-05 -3.642983e-04
2.967467e-05 -3.898096e-04
2.969970e-05 -4.153209e-04
2.972472e-05 -4.408323e-04
2.974975e-05 -4.663436e-04
2.977477e-05 -4.918549e-04
2.979980e-05 -5.173663e-04
2.982482e-05 -5.428776e-04
2.984985e-05 -5.683889e-04
2.987487e-05 -5.939002e-04
2.989990e-05 -6.194116e-04
2.992492e-05 -6.449229e-04
2.994995e-05 -6.704342e-04
2.997497e-05 -6.959456e-04
3.000000e-05 -7.214569e-04