0. 0.1317555100909006
1.2499999999999999e-6 0.1297128302403218
2.4999999999999998e-6 0.12377284727704477
3.75e-6 0.11447117091256541
4.9999999999999996e-6 0.10261129443276577
6.2499999999999995e-6 0.08915023754580657
7.5e-6 0.07507202671345697
8.75e-6 0.06127200246690126
9.999999999999999e-6 0.04847014342349885
0.000011249999999999999 0.037163348078163724
0.000012499999999999999 0.02761745523495415
0.00001375 0.01989210678086638
0.000015 0.013886928595333815
0.00001625 0.00939636590683402
0.0000175 0.006162287209467411
0.00001875 0.003916988069561108
0.000019999999999999998 0.00241318634442591
0.00002125 0.0014409793821053454
0.000022499999999999998 0.0008339748848786282
0.000023749999999999998 0.0004678175118130114
0.000024999999999999998 0.000254347969425771
0.000026249999999999998 0.00013403196118962654
0.0000275 0.00006845682727762823
0.00002875 0.00003388858689210258
0.00003 0.000016259921687658576
0.00003125 7.561565820438828e-6
0.0000325 3.4082647399183397e-6
0.00003375 1.4889605928693858e-6
0.000035 6.304655828447987e-7
0.00003625 2.587425538652259e-7
0.0000375 1.0292067715608274e-7
0.00003875 3.9679455769373906e-8
0.000039999999999999996 1.482712934830466e-8
0.00004125 5.370030385222854e-9
0.0000425 1.8850579569747942e-9
0.00004374999999999999 6.413586685896457e-10
0.000044999999999999996 2.1149764122320535e-10
0.00004625 6.759870633537816e-11
0.000047499999999999996 2.0941102318419255e-11
0.00004875 6.287659141086819e-12
0.000049999999999999996 1.8298131280421345e-12
0.00005125 5.161224919436562e-13
0.000052499999999999995 1.4110003752393525e-13
0.00005374999999999999 3.738778791631127e-14
0.000055 9.601978056464676e-15
0.00005625 2.3901213167397393e-15
0.0000575 5.766436033190226e-16
0.00005875 1.3484141763614113e-16
0.00006 3.05609913666231e-17
0.00006125 6.713358878670253e-18
0.0000625 1.4293565868877593e-18
0.00006375 2.949644034422457e-19
0.000065 5.899659219091729e-20
0.00006625 1.1437011082029614e-20
0.0000675 2.1489507134677102e-21
0.00006874999999999999 3.9135299833673046e-22
0.00007 6.90779074924728e-23
0.00007125 1.1817836544248141e-23
0.0000725 1.9595894004767154e-24
0.00007375 3.1493467637280317e-25
0.000075 4.9057360735989e-26
0.00007625 7.406553680180167e-27
0.0000775 1.0838182693110428e-27
0.00007875 1.5371811755815233e-28
0.00007999999999999999 2.1131092197358033e-29
0.00008125 2.8154455318511077e-30
0.0000825 3.6358052479183216e-31
0.00008374999999999999 4.550743861735182e-32
0.000085 5.520678661690127e-33
0.00008625 6.49128749037332e-34
0.00008749999999999999 7.397713638343027e-35
0.00008875 8.171325026534946e-36
0.00008999999999999999 8.748140562696944e-37
0.00009125 9.0775221432632e-38
0.0000925 9.129503907972572e-39
0.00009374999999999999 8.899289567258642e-40
0.00009499999999999999 8.407982419461025e-41
0.00009625 7.699394086023201e-42
0.0000975 6.83360073478651e-43
0.00009875 5.878559927492033e-44
0.00009999999999999999 4.901405077975372e-45