6.560504796351628 0.46541040465292566
6.967593776585472 0.17834684490214756
7.255525270998476 0.06650349689746145
7.546332777479439 0.02364207134383955
8.029882347280035 0.014168633740877715
8.470952533543153 0.003633245082033728
8.88375451263538 0.0032711765953161885
9.155358349135374 0.0017162330871464532
9.306039936285973 0.006602135058546334
9.360754478841637 0.0008751943336113214
9.513447258526575 0.006204289782678254
9.583104819605762 0.0007065007509514513
9.864474534941719 0.0010289240255912842
10.135552299317455 0.0018485678552631636
10.213014673256117 0.2179375952104253
10.494208463857435 0.0005491133728924808
10.566598068703499 0.0012935823621714737
10.830722300197147 0.00021946262132425782
11.022813782397966 0.0004170341146268609
11.399353601940048 0.00040796745098266074
11.769128368788074 0.00022146783458797112
12.080975177144515 0.0011415113924613434
12.318077803203662 0.00010437697618943192
12.567689823814883 0.00022264599258430595
12.748432687946142 0.0011311759241568746
12.860993632045934 0.00007328999399907971
13.410792049866645 0.00013655171632358771
13.827081725764772 0.00033882675701002636
14.3753795791786 0.00017790131325308678
14.878617999442742 0.00018930909714578482
15.35982695538118 0.0000476150503965759
15.837048460762796 0.0010103762148582001
16.22686276893157 0.0000769037085333945
17.642882630472993 0.00003777298963621458
18.289706950171936 0.000010098402847418026
19.80761897696502 0.00006293330788092094
21.131523545706372 0.00004845239708723256
22.367910460265065 0.00003845182581646194
23.569216645186348 2.962428872517588e-6
26.705822339138 0.000016205324847528246
29.78678209647909 1.0365166992355726e-6
34.77245259429048 9.826580139615706e-6
40.64125669751583 0.0001031188153258555
46.9857985041795 3.978294350103585e-6
57.49037509151199 5.824676592218275e-6
71.26375914162173 4.386927497418898e-6
90.6241259928043 9.20507934044843e-8
145.33601872516465 3.543764431089779e-7
223.69034852546915 7.922293610240221e-8
721.4179951364496 6.48459657493548e-10
1948.88175182482 1.4621392192175901e-12