8.100000e-06 9.764935e-03
8.171972e-06 7.429862e-03
8.243944e-06 6.946125e-03
8.315916e-06 6.462389e-03
8.387888e-06 5.962693e-03
8.459860e-06 4.896279e-03
8.531832e-06 3.830137e-03
8.603804e-06 3.543538e-03
8.675776e-06 3.256939e-03
8.747748e-06 2.970340e-03
8.819720e-06 2.942506e-03
8.891692e-06 3.701261e-03
8.963664e-06 3.768836e-03
9.035636e-06 2.196984e-03
9.107608e-06 2.066435e-03
9.179580e-06 2.618985e-03
9.251552e-06 7.852154e-03
9.323524e-06 4.266739e-03
9.395495e-06 1.467969e-03
9.467467e-06 2.163278e-03
9.539439e-06 2.858586e-03
9.611411e-06 6.086036e-03
9.683383e-06 1.215400e-03
9.755355e-06 1.561783e-03
9.827327e-06 1.908167e-03
9.899299e-06 1.706092e-03
9.971271e-06 1.866188e-03
1.004324e-05 2.858943e-03
1.011522e-05 3.851697e-03
1.018719e-05 1.327026e-02
1.025916e-05 6.832480e-02
1.033113e-05 6.038970e-03
1.040310e-05 2.017514e-03
1.047508e-05 1.177644e-03
1.054705e-05 1.960332e-03
1.061902e-05 2.286630e-03
1.069099e-05 1.685012e-03
1.076296e-05 1.083393e-03
1.083493e-05 4.817741e-04
1.090691e-05 5.410694e-04
1.097888e-05 6.984069e-04
1.105085e-05 8.148754e-04
1.112282e-05 8.462987e-04
1.119479e-05 8.777220e-04
1.126677e-05 9.091452e-04
1.133874e-05 9.405685e-04
1.141071e-05 9.719918e-04
1.148268e-05 9.550553e-04
1.155465e-05 8.525401e-04
1.162663e-05 7.500248e-04
1.169860e-05 6.475095e-04
1.177057e-05 5.449943e-04
1.184254e-05 9.039535e-04
1.191451e-05 1.695133e-03
1.198649e-05 2.052971e-03
1.205846e-05 2.213557e-03
1.213043e-05 2.374142e-03
1.220240e-05 1.683026e-03
1.227437e-05 8.160360e-04
1.234635e-05 3.404966e-04
1.241832e-05 4.116832e-04
1.249029e-05 4.828698e-04
1.256226e-05 6.610256e-04
1.263423e-05 1.745494e-03
1.270621e-05 2.829962e-03
1.277818e-05 1.219280e-03
1.285015e-05 2.189226e-04
1.292212e-05 2.467419e-04
1.299409e-05 2.745613e-04
1.306607e-05 3.023807e-04
1.313804e-05 3.302001e-04
1.321001e-05 3.580195e-04
1.328198e-05 3.858389e-04
1.335395e-05 4.531990e-04
1.342593e-05 5.502544e-04
1.349790e-05 6.473098e-04
1.356987e-05 7.443653e-04
1.364184e-05 8.414207e-04
1.371381e-05 9.384761e-04
1.378579e-05 1.035532e-03
1.385776e-05 1.132587e-03
1.392973e-05 1.044632e-03
1.400170e-05 9.558480e-04
1.407367e-05 8.670638e-04
1.414565e-05 7.782796e-04
1.421762e-05 6.894954e-04
1.428959e-05 6.007112e-04
1.436156e-05 5.439452e-04
1.443353e-05 4.885556e-04
1.450551e-05 4.331660e-04
1.457748e-05 4.466438e-04
1.464945e-05 5.458005e-04
1.472142e-05 6.449573e-04
1.479339e-05 7.441140e-04
1.486537e-05 7.371486e-04
1.493734e-05 6.236130e-04
1.500931e-05 5.100774e-04
1.508128e-05 3.965418e-04
1.515325e-05 2.830062e-04
1.522523e-05 2.542503e-04
1.529720e-05 2.269496e-04
1.536917e-05 1.996488e-04
1.544114e-05 1.764954e-04
1.551311e-05 1.842086e-04
1.558509e-05 1.919217e-04
1.565706e-05 1.996348e-04
1.572903e-05 2.073480e-04
1.580100e-05 2.150611e-04
1.587297e-05 2.227743e-04
1.594494e-05 2.304874e-04
1.601692e-05 2.382006e-04
1.608889e-05 2.617999e-04
1.616086e-05 3.072761e-04
1.623283e-05 3.527524e-04
1.630480e-05 3.290828e-04
1.637678e-05 3.010687e-04
1.644875e-05 2.730547e-04
1.652072e-05 2.450406e-04
1.659269e-05 2.170265e-04
1.666466e-05 1.890124e-04
1.673664e-05 1.609983e-04
1.680861e-05 1.329843e-04
1.688058e-05 1.049702e-04
1.695255e-05 7.695609e-05
1.702452e-05 7.353827e-05
1.709650e-05 8.943779e-05
1.716847e-05 1.053373e-04
1.724044e-05 1.212368e-04
1.731241e-05 1.371363e-04
1.738438e-05 1.530359e-04
1.745636e-05 1.689354e-04
1.752833e-05 1.848349e-04
1.760030e-05 2.007344e-04
1.767227e-05 1.987329e-04
1.774424e-05 1.802860e-04
1.781622e-05 1.618391e-04
1.788819e-05 1.433923e-04
1.796016e-05 1.249454e-04
1.803213e-05 1.064985e-04
1.810410e-05 8.805161e-05
1.817608e-05 8.062424e-05
1.824805e-05 7.414853e-05
1.832002e-05 6.767281e-05
1.839199e-05 6.119710e-05
1.846396e-05 5.977876e-05
1.853594e-05 6.442776e-05
1.860791e-05 6.907675e-05
1.867988e-05 7.372575e-05
1.875185e-05 7.837475e-05
1.882382e-05 8.302375e-05
1.889580e-05 8.767275e-05
1.896777e-05 9.232174e-05
1.903974e-05 9.697074e-05
1.911171e-05 1.016197e-04
1.918368e-05 1.062687e-04
1.925566e-05 1.109177e-04
1.932763e-05 1.320700e-04
1.939960e-05 1.773504e-04
1.947157e-05 2.226308e-04
1.954354e-05 2.679112e-04
1.961552e-05 3.131916e-04
1.968749e-05 3.584720e-04
1.975946e-05 4.037524e-04
1.983143e-05 4.490328e-04
1.990340e-05 4.268954e-04
1.997538e-05 3.942343e-04
2.004735e-05 3.615731e-04
2.011932e-05 3.289119e-04
2.019129e-05 2.962508e-04
2.026326e-05 2.635896e-04
2.033524e-05 2.309284e-04
2.040721e-05 1.982673e-04
2.047918e-05 1.656061e-04
2.055115e-05 1.329449e-04
2.062312e-05 1.067411e-04
2.069510e-05 1.437507e-04
2.076707e-05 1.807603e-04
2.083904e-05 2.177699e-04
2.091101e-05 2.547795e-04
2.098298e-05 2.917891e-04
2.105495e-05 3.287987e-04
2.112693e-05 3.658083e-04
2.119890e-05 4.028179e-04
2.127087e-05 3.623779e-04
2.134284e-05 3.140956e-04
2.141481e-05 2.658133e-04
2.148679e-05 2.175311e-04
2.155876e-05 1.692488e-04
2.163073e-05 1.209666e-04
2.170270e-05 8.488681e-05
2.177467e-05 1.090354e-04
2.184665e-05 1.331841e-04
2.191862e-05 1.573327e-04
2.199059e-05 1.814813e-04
2.206256e-05 2.056300e-04
2.213453e-05 2.297786e-04
2.220651e-05 2.539272e-04
2.227848e-05 2.780758e-04
2.235045e-05 3.022245e-04
2.242242e-05 3.263731e-04
2.249439e-05 3.505217e-04
2.256637e-05 3.282475e-04
2.263834e-05 2.819206e-04
2.271031e-05 2.355936e-04
2.278228e-05 1.892666e-04
2.285425e-05 1.429397e-04
2.292623e-05 9.661270e-05
2.299820e-05 6.876414e-05
2.307017e-05 6.612612e-05
2.314214e-05 6.348810e-05
2.321411e-05 6.085008e-05
2.328609e-05 5.821206e-05
2.335806e-05 5.557404e-05
2.343003e-05 5.293601e-05
2.350200e-05 5.787853e-05
2.357397e-05 6.650572e-05
2.364595e-05 7.513291e-05
2.371792e-05 8.376011e-05
2.378989e-05 9.238730e-05
2.386186e-05 1.010145e-04
2.393383e-05 1.096417e-04
2.400581e-05 1.182689e-04
2.407778e-05 1.268961e-04
2.414975e-05 1.355233e-04
2.422172e-05 1.441505e-04
2.429369e-05 1.527777e-04
2.436567e-05 1.614048e-04
2.443764e-05 1.700320e-04
2.450961e-05 1.782062e-04
2.458158e-05 1.751088e-04
2.465355e-05 1.720115e-04
2.472553e-05 1.689141e-04
2.479750e-05 1.658167e-04
2.486947e-05 1.627193e-04
2.494144e-05 1.596220e-04
2.501341e-05 1.565246e-04
2.508539e-05 1.534272e-04
2.515736e-05 1.503299e-04
2.522933e-05 1.472325e-04
2.530130e-05 1.441351e-04
2.537327e-05 1.410377e-04
2.544525e-05 1.379404e-04
2.551722e-05 1.348430e-04
2.558919e-05 1.317456e-04
2.566116e-05 1.286482e-04
2.573313e-05 1.255509e-04
2.580511e-05 1.224535e-04
2.587708e-05 1.193561e-04
2.594905e-05 1.162587e-04
2.602102e-05 1.131614e-04
2.609299e-05 1.221435e-04
2.616496e-05 1.379334e-04
2.623694e-05 1.537234e-04
2.630891e-05 1.695134e-04
2.638088e-05 1.853033e-04
2.645285e-05 2.010933e-04
2.652482e-05 2.168833e-04
2.659680e-05 2.163270e-04
2.666877e-05 2.062003e-04
2.674074e-05 1.960737e-04
2.681271e-05 1.859470e-04
2.688468e-05 1.758203e-04
2.695666e-05 1.656936e-04
2.702863e-05 1.555670e-04
2.710060e-05 1.454403e-04
2.717257e-05 1.353136e-04
2.724454e-05 1.251869e-04
2.731652e-05 1.150603e-04
2.738849e-05 1.049336e-04
2.746046e-05 9.480690e-05
2.753243e-05 8.468023e-05
2.760440e-05 8.193627e-05
2.767638e-05 8.447333e-05
2.774835e-05 8.701040e-05
2.782032e-05 8.954746e-05
2.789229e-05 9.208453e-05
2.796426e-05 9.462159e-05
2.803624e-05 9.715866e-05
2.810821e-05 9.969572e-05
2.818018e-05 1.022328e-04
2.825215e-05 1.047698e-04
2.832412e-05 1.073069e-04
2.839610e-05 1.098440e-04
2.846807e-05 1.123810e-04
2.854004e-05 1.149181e-04
2.861201e-05 1.174552e-04
2.868398e-05 1.190224e-04
2.875596e-05 1.144241e-04
2.882793e-05 1.098258e-04
2.889990e-05 1.052274e-04
2.897187e-05 1.006291e-04
2.904384e-05 9.603081e-05
2.911582e-05 9.143249e-05
2.918779e-05 8.683417e-05
2.925976e-05 8.223585e-05
2.933173e-05 7.763754e-05
2.940370e-05 7.303922e-05
2.947568e-05 6.844090e-05
2.954765e-05 6.384258e-05
2.961962e-05 5.924427e-05
2.969159e-05 5.464595e-05
2.976356e-05 5.004763e-05
2.983554e-05 4.544931e-05
2.990751e-05 4.157767e-05
2.997948e-05 4.289948e-05
3.005145e-05 4.422129e-05
3.012342e-05 4.554310e-05
3.019540e-05 4.686491e-05
3.026737e-05 4.818672e-05
3.033934e-05 4.950853e-05
3.041131e-05 5.083034e-05
3.048328e-05 5.215216e-05
3.055526e-05 5.347397e-05
3.062723e-05 5.479578e-05
3.069920e-05 5.611759e-05
3.077117e-05 5.743940e-05
3.084314e-05 5.876121e-05
3.091512e-05 6.008302e-05
3.098709e-05 6.140483e-05
3.105906e-05 6.272665e-05
3.113103e-05 6.404846e-05
3.120300e-05 6.537027e-05
3.127497e-05 6.669208e-05
3.134695e-05 6.801389e-05
3.141892e-05 6.933570e-05
3.149089e-05 7.273354e-05
3.156286e-05 7.954222e-05
3.163483e-05 8.635091e-05
3.170681e-05 9.315960e-05
3.177878e-05 9.996829e-05
3.185075e-05 1.067770e-04
3.192272e-05 1.135857e-04
3.199469e-05 1.203944e-04
3.206667e-05 1.272030e-04
3.213864e-05 1.340117e-04
3.221061e-05 1.408204e-04
3.228258e-05 1.476291e-04
3.235455e-05 1.544378e-04
3.242653e-05 1.612465e-04
3.249850e-05 1.680552e-04
3.257047e-05 1.748639e-04
3.264244e-05 1.816725e-04
3.271441e-05 1.884812e-04
3.278639e-05 1.952899e-04
3.285836e-05 2.020986e-04
3.293033e-05 2.089073e-04
3.300230e-05 2.157160e-04
3.307427e-05 2.225247e-04
3.314625e-05 2.293334e-04
3.321822e-05 2.361420e-04
3.329019e-05 2.429507e-04
3.336216e-05 2.497594e-04
3.343413e-05 2.565681e-04
3.350611e-05 2.633768e-04
3.357808e-05 2.701855e-04
3.365005e-05 2.769942e-04
3.372202e-05 2.838029e-04
3.379399e-05 2.905074e-04
3.386597e-05 2.960641e-04
3.393794e-05 3.016209e-04
3.400991e-05 3.071776e-04
3.408188e-05 3.127344e-04
3.415385e-05 3.182912e-04
3.422583e-05 3.238479e-04
3.429780e-05 3.294047e-04
3.436977e-05 3.349614e-04
3.444174e-05 3.405182e-04
3.451371e-05 3.460749e-04
3.458569e-05 3.516317e-04
3.465766e-05 3.571884e-04
3.472963e-05 3.627452e-04
3.480160e-05 3.683019e-04
3.487357e-05 3.738587e-04
3.494555e-05 3.794155e-04
3.501752e-05 3.849722e-04
3.508949e-05 3.905290e-04
3.516146e-05 3.960857e-04
3.523343e-05 4.016425e-04
3.530541e-05 4.043434e-04
3.537738e-05 3.871762e-04
3.544935e-05 3.700090e-04
3.552132e-05 3.528418e-04
3.559329e-05 3.356747e-04
3.566527e-05 3.185075e-04
3.573724e-05 3.013403e-04
3.580921e-05 2.841732e-04
3.588118e-05 2.670060e-04
3.595315e-05 2.498388e-04
3.602513e-05 2.326717e-04
3.609710e-05 2.155045e-04
3.616907e-05 1.983373e-04
3.624104e-05 1.811701e-04
3.631301e-05 1.640030e-04
3.638498e-05 1.468358e-04
3.645696e-05 1.296686e-04
3.652893e-05 1.125015e-04
3.660090e-05 9.533430e-05
3.667287e-05 7.816713e-05
3.674484e-05 8.474854e-05
3.681682e-05 1.001680e-04
3.688879e-05 1.155875e-04
3.696076e-05 1.310069e-04
3.703273e-05 1.464264e-04
3.710470e-05 1.618458e-04
3.717668e-05 1.772653e-04
3.724865e-05 1.926847e-04
3.732062e-05 2.081042e-04
3.739259e-05 2.235237e-04
3.746456e-05 2.389431e-04
3.753654e-05 2.543626e-04
3.760851e-05 2.697820e-04
3.768048e-05 2.852015e-04
3.775245e-05 3.006210e-04
3.782442e-05 3.160404e-04
3.789640e-05 3.314599e-04
3.796837e-05 3.468793e-04
3.804034e-05 3.622988e-04
3.811231e-05 3.777182e-04
3.818428e-05 3.931377e-04
3.825626e-05 4.085572e-04
3.832823e-05 4.239766e-04
3.840020e-05 4.393961e-04
3.847217e-05 4.548155e-04
3.854414e-05 4.702350e-04
3.861612e-05 4.856544e-04
3.868809e-05 5.103920e-04
3.876006e-05 6.242988e-04
3.883203e-05 7.382055e-04
3.890400e-05 8.521123e-04
3.897598e-05 9.660191e-04
3.904795e-05 1.079926e-03
3.911992e-05 1.193833e-03
3.919189e-05 1.307739e-03
3.926386e-05 1.421646e-03
3.933584e-05 1.535553e-03
3.940781e-05 1.649460e-03
3.947978e-05 1.763366e-03
3.955175e-05 1.877273e-03
3.962372e-05 1.991180e-03
3.969570e-05 2.105087e-03
3.976767e-05 2.218994e-03
3.983964e-05 2.332900e-03
3.991161e-05 2.446807e-03
3.998358e-05 2.560714e-03
4.005556e-05 2.674621e-03
4.012753e-05 2.788527e-03
4.019950e-05 2.902434e-03
4.027147e-05 3.016341e-03
4.034344e-05 3.130248e-03
4.041542e-05 3.244155e-03
4.048739e-05 3.350908e-03
4.055936e-05 3.276010e-03
4.063133e-05 3.201111e-03
4.070330e-05 3.126213e-03
4.077528e-05 3.051314e-03
4.084725e-05 2.976415e-03
4.091922e-05 2.901517e-03
4.099119e-05 2.826618e-03
4.106316e-05 2.751720e-03
4.113514e-05 2.676821e-03
4.120711e-05 2.601922e-03
4.127908e-05 2.527024e-03
4.135105e-05 2.452125e-03
4.142302e-05 2.377227e-03
4.149499e-05 2.302328e-03
4.156697e-05 2.227429e-03
4.163894e-05 2.152531e-03
4.171091e-05 2.077632e-03
4.178288e-05 2.002734e-03
4.185485e-05 1.927835e-03
4.192683e-05 1.852937e-03
4.199880e-05 1.778038e-03
4.207077e-05 1.703139e-03
4.214274e-05 1.628241e-03
4.221471e-05 1.553342e-03
4.228669e-05 1.478444e-03
4.235866e-05 1.403545e-03
4.243063e-05 1.328646e-03
4.250260e-05 1.253748e-03
4.257457e-05 1.178849e-03
4.264655e-05 1.103951e-03
4.271852e-05 1.029052e-03
4.279049e-05 9.541534e-04
4.286246e-05 8.792548e-04
4.293443e-05 8.043563e-04
4.300641e-05 7.294577e-04
4.307838e-05 6.574753e-04
4.315035e-05 6.643027e-04
4.322232e-05 6.711301e-04
4.329429e-05 6.779575e-04
4.336627e-05 6.847849e-04
4.343824e-05 6.916122e-04
4.351021e-05 6.984396e-04
4.358218e-05 7.052670e-04
4.365415e-05 7.120944e-04
4.372613e-05 7.189218e-04
4.379810e-05 7.257492e-04
4.387007e-05 7.325765e-04
4.394204e-05 7.394039e-04
4.401401e-05 7.462313e-04
4.408599e-05 7.530587e-04
4.415796e-05 7.598861e-04
4.422993e-05 7.667135e-04
4.430190e-05 7.735408e-04
4.437387e-05 7.803682e-04
4.444585e-05 7.871956e-04
4.451782e-05 7.940230e-04
4.458979e-05 8.008504e-04
4.466176e-05 8.076778e-04
4.473373e-05 8.145051e-04
4.480571e-05 8.213325e-04
4.487768e-05 8.281599e-04
4.494965e-05 8.349873e-04
4.502162e-05 8.418147e-04
4.509359e-05 8.486420e-04
4.516557e-05 8.554694e-04
4.523754e-05 8.622968e-04
4.530951e-05 8.691242e-04
4.538148e-05 8.759516e-04
4.545345e-05 8.827790e-04
4.552543e-05 8.687323e-04
4.559740e-05 8.000607e-04
4.566937e-05 7.313892e-04
4.574134e-05 6.627176e-04
4.581331e-05 5.940461e-04
4.588529e-05 5.253745e-04
4.595726e-05 4.567030e-04
4.602923e-05 3.880314e-04
4.610120e-05 3.193598e-04
4.617317e-05 2.506883e-04
4.624515e-05 1.820167e-04
4.631712e-05 1.182954e-04
4.638909e-05 1.188786e-04
4.646106e-05 1.194618e-04
4.653303e-05 1.200449e-04
4.660501e-05 1.206281e-04
4.667698e-05 1.212113e-04
4.674895e-05 1.217945e-04
4.682092e-05 1.223777e-04
4.689289e-05 1.229609e-04
4.696486e-05 1.235441e-04
4.703684e-05 1.241273e-04
4.710881e-05 1.247105e-04
4.718078e-05 1.252937e-04
4.725275e-05 1.258768e-04
4.732472e-05 1.264600e-04
4.739670e-05 1.270432e-04
4.746867e-05 1.276264e-04
4.754064e-05 1.282096e-04
4.761261e-05 1.287928e-04
4.768458e-05 1.293760e-04
4.775656e-05 1.299592e-04
4.782853e-05 1.305424e-04
4.790050e-05 1.311256e-04
4.797247e-05 1.317087e-04
4.804444e-05 1.322919e-04
4.811642e-05 1.328751e-04
4.818839e-05 1.334583e-04
4.826036e-05 1.340415e-04
4.833233e-05 1.346247e-04
4.840430e-05 1.352079e-04
4.847628e-05 1.357911e-04
4.854825e-05 1.363743e-04
4.862022e-05 1.369575e-04
4.869219e-05 1.375406e-04
4.876416e-05 1.381238e-04
4.883614e-05 1.387070e-04
4.890811e-05 1.392902e-04
4.898008e-05 1.398734e-04
4.905205e-05 1.404566e-04
4.912402e-05 1.410398e-04
4.919600e-05 1.416230e-04
4.926797e-05 1.422062e-04
4.933994e-05 1.427894e-04
4.941191e-05 1.433725e-04
4.948388e-05 1.439557e-04
4.955586e-05 1.445389e-04
4.962783e-05 1.451221e-04
4.969980e-05 1.457053e-04
4.977177e-05 1.462885e-04
4.984374e-05 1.468717e-04
4.991572e-05 1.474549e-04
4.998769e-05 1.480381e-04
5.005966e-05 1.486213e-04
5.013163e-05 1.492044e-04
5.020360e-05 1.497876e-04
5.027558e-05 1.503708e-04
5.034755e-05 1.509540e-04
5.041952e-05 1.515372e-04
5.049149e-05 1.521204e-04
5.056346e-05 1.527036e-04
5.063544e-05 1.532868e-04
5.070741e-05 1.538700e-04
5.077938e-05 1.495153e-04
5.085135e-05 1.443634e-04
5.092332e-05 1.392116e-04
5.099530e-05 1.340597e-04
5.106727e-05 1.289078e-04
5.113924e-05 1.237559e-04
5.121121e-05 1.186041e-04
5.128318e-05 1.134522e-04
5.135516e-05 1.083003e-04
5.142713e-05 1.031484e-04
5.149910e-05 9.799655e-05
5.157107e-05 9.284467e-05
5.164304e-05 8.769279e-05
5.171502e-05 8.254091e-05
5.178699e-05 7.899499e-05
5.185896e-05 8.282842e-05
5.193093e-05 8.666185e-05
5.200290e-05 9.049528e-05
5.207487e-05 9.432871e-05
5.214685e-05 9.816213e-05
5.221882e-05 1.019956e-04
5.229079e-05 1.058290e-04
5.236276e-05 1.096624e-04
5.243473e-05 1.134959e-04
5.250671e-05 1.173293e-04
5.257868e-05 1.211627e-04
5.265065e-05 1.249961e-04
5.272262e-05 1.288296e-04
5.279459e-05 1.326630e-04
5.286657e-05 1.364964e-04
5.293854e-05 1.403299e-04
5.301051e-05 1.441633e-04
5.308248e-05 1.479967e-04
5.315445e-05 1.518301e-04
5.322643e-05 1.556636e-04
5.329840e-05 1.594970e-04
5.337037e-05 1.633304e-04
5.344234e-05 1.671639e-04
5.351431e-05 1.709973e-04
5.358629e-05 1.748307e-04
5.365826e-05 1.786641e-04
5.373023e-05 1.824976e-04
5.380220e-05 1.863310e-04
5.387417e-05 1.901644e-04
5.394615e-05 1.939979e-04
5.401812e-05 1.978313e-04
5.409009e-05 2.016647e-04
5.416206e-05 2.054981e-04
5.423403e-05 2.093316e-04
5.430601e-05 2.131650e-04
5.437798e-05 2.169984e-04
5.444995e-05 2.208319e-04
5.452192e-05 2.246653e-04
5.459389e-05 2.284987e-04
5.466587e-05 2.323322e-04
5.473784e-05 2.361656e-04
5.480981e-05 2.399990e-04
5.488178e-05 2.438324e-04
5.495375e-05 2.476659e-04
5.502573e-05 2.514993e-04
5.509770e-05 2.553327e-04
5.516967e-05 2.591662e-04
5.524164e-05 2.629996e-04
5.531361e-05 2.668330e-04
5.538559e-05 2.706664e-04
5.545756e-05 2.744999e-04
5.552953e-05 2.783333e-04
5.560150e-05 2.821667e-04
5.567347e-05 2.860002e-04
5.574545e-05 2.898336e-04
5.581742e-05 2.936670e-04
5.588939e-05 2.975004e-04
5.596136e-05 3.013339e-04
5.603333e-05 3.051673e-04
5.610531e-05 3.090007e-04
5.617728e-05 3.128342e-04
5.624925e-05 3.166676e-04
5.632122e-05 3.205010e-04
5.639319e-05 3.243344e-04
5.646517e-05 3.235704e-04
5.653714e-05 3.211032e-04
5.660911e-05 3.186360e-04
5.668108e-05 3.161687e-04
5.675305e-05 3.137015e-04
5.682503e-05 3.112343e-04
5.689700e-05 3.087671e-04
5.696897e-05 3.062999e-04
5.704094e-05 3.038327e-04
5.711291e-05 3.013654e-04
5.718488e-05 2.988982e-04
5.725686e-05 2.964310e-04
5.732883e-05 2.939638e-04
5.740080e-05 2.914966e-04
5.747277e-05 2.890294e-04
5.754474e-05 2.865621e-04
5.761672e-05 2.840949e-04
5.768869e-05 2.816277e-04
5.776066e-05 2.791605e-04
5.783263e-05 2.766933e-04
5.790460e-05 2.742261e-04
5.797658e-05 2.717588e-04
5.804855e-05 2.692916e-04
5.812052e-05 2.668244e-04
5.819249e-05 2.643572e-04
5.826446e-05 2.618900e-04
5.833644e-05 2.594228e-04
5.840841e-05 2.569555e-04
5.848038e-05 2.544883e-04
5.855235e-05 2.520211e-04
5.862432e-05 2.495539e-04
5.869630e-05 2.470867e-04
5.876827e-05 2.446195e-04
5.884024e-05 2.421522e-04
5.891221e-05 2.396850e-04
5.898418e-05 2.372178e-04
5.905616e-05 2.347506e-04
5.912813e-05 2.322834e-04
5.920010e-05 2.298162e-04
5.927207e-05 2.273489e-04
5.934404e-05 2.248817e-04
5.941602e-05 2.224145e-04
5.948799e-05 2.199473e-04
5.955996e-05 2.174801e-04
5.963193e-05 2.150129e-04
5.970390e-05 2.125456e-04
5.977588e-05 2.100784e-04
5.984785e-05 2.076112e-04
5.991982e-05 2.051440e-04
5.999179e-05 2.026768e-04
6.006376e-05 2.002096e-04
6.013574e-05 1.977423e-04
6.020771e-05 1.952751e-04
6.027968e-05 1.928079e-04
6.035165e-05 1.903407e-04
6.042362e-05 1.878735e-04
6.049560e-05 1.854063e-04
6.056757e-05 1.829390e-04
6.063954e-05 1.804718e-04
6.071151e-05 1.780046e-04
6.078348e-05 1.755374e-04
6.085546e-05 1.730702e-04
6.092743e-05 1.706030e-04
6.099940e-05 1.681357e-04
6.107137e-05 1.656685e-04
6.114334e-05 1.632013e-04
6.121532e-05 1.607341e-04
6.128729e-05 1.582669e-04
6.135926e-05 1.557997e-04
6.143123e-05 1.533324e-04
6.150320e-05 1.508652e-04
6.157518e-05 1.483980e-04
6.164715e-05 1.459308e-04
6.171912e-05 1.434636e-04
6.179109e-05 1.409963e-04
6.186306e-05 1.385291e-04
6.193504e-05 1.360619e-04
6.200701e-05 1.335947e-04
6.207898e-05 1.311275e-04
6.215095e-05 1.286603e-04
6.222292e-05 1.261930e-04
6.229489e-05 1.237258e-04
6.236687e-05 1.212586e-04
6.243884e-05 1.187914e-04
6.251081e-05 1.163242e-04
6.258278e-05 1.138570e-04
6.265475e-05 1.113897e-04
6.272673e-05 1.089225e-04
6.279870e-05 1.064553e-04
6.287067e-05 1.039881e-04
6.294264e-05 1.015209e-04
6.301461e-05 9.905367e-05
6.308659e-05 9.658645e-05
6.315856e-05 9.411923e-05
6.323053e-05 9.165202e-05
6.330250e-05 8.918480e-05
6.337447e-05 8.671758e-05
6.344645e-05 8.425037e-05
6.351842e-05 8.178315e-05
6.359039e-05 7.931593e-05
6.366236e-05 7.684872e-05
6.373433e-05 7.438150e-05
6.380631e-05 7.369648e-05
6.387828e-05 7.645922e-05
6.395025e-05 7.922197e-05
6.402222e-05 8.198471e-05
6.409419e-05 8.474746e-05
6.416617e-05 8.751020e-05
6.423814e-05 9.027295e-05
6.431011e-05 9.303569e-05
6.438208e-05 9.579844e-05
6.445405e-05 9.856118e-05
6.452603e-05 1.013239e-04
6.459800e-05 1.040867e-04
6.466997e-05 1.068494e-04
6.474194e-05 1.096122e-04
6.481391e-05 1.123749e-04
6.488589e-05 1.151377e-04
6.495786e-05 1.179004e-04
6.502983e-05 1.206631e-04
6.510180e-05 1.234259e-04
6.517377e-05 1.261886e-04
6.524575e-05 1.289514e-04
6.531772e-05 1.317141e-04
6.538969e-05 1.344769e-04
6.546166e-05 1.372396e-04
6.553363e-05 1.400024e-04
6.560561e-05 1.427651e-04
6.567758e-05 1.455278e-04
6.574955e-05 1.482906e-04
6.582152e-05 1.510533e-04
6.589349e-05 1.538161e-04
6.596547e-05 1.565788e-04
6.603744e-05 1.593416e-04
6.610941e-05 1.621043e-04
6.618138e-05 1.648671e-04
6.625335e-05 1.676298e-04
6.632533e-05 1.703926e-04
6.639730e-05 1.731553e-04
6.646927e-05 1.759180e-04
6.654124e-05 1.786808e-04
6.661321e-05 1.814435e-04
6.668519e-05 1.842063e-04
6.675716e-05 1.869690e-04
6.682913e-05 1.897318e-04
6.690110e-05 1.924945e-04
6.697307e-05 1.952573e-04
6.704505e-05 1.980200e-04
6.711702e-05 2.007827e-04
6.718899e-05 2.035455e-04
6.726096e-05 2.063082e-04
6.733293e-05 2.090710e-04
6.740490e-05 2.118337e-04
6.747688e-05 2.145965e-04
6.754885e-05 2.173592e-04
6.762082e-05 2.201220e-04
6.769279e-05 2.228847e-04
6.776476e-05 2.256475e-04
6.783674e-05 2.284102e-04
6.790871e-05 2.311729e-04
6.798068e-05 2.339357e-04
6.805265e-05 2.366984e-04
6.812462e-05 2.394612e-04
6.819660e-05 2.422239e-04
6.826857e-05 2.449867e-04
6.834054e-05 2.477494e-04
6.841251e-05 2.505122e-04
6.848448e-05 2.532749e-04
6.855646e-05 2.560376e-04
6.862843e-05 2.588004e-04
6.870040e-05 2.615631e-04
6.877237e-05 2.643259e-04
6.884434e-05 2.670886e-04
6.891632e-05 2.698514e-04
6.898829e-05 2.726141e-04
6.906026e-05 2.753769e-04
6.913223e-05 2.781396e-04
6.920420e-05 2.809024e-04
6.927618e-05 2.836651e-04
6.934815e-05 2.864278e-04
6.942012e-05 2.891906e-04
6.949209e-05 2.919533e-04
6.956406e-05 2.947161e-04
6.963604e-05 2.974788e-04
6.970801e-05 3.002416e-04
6.977998e-05 3.030043e-04
6.985195e-05 3.057671e-04
6.992392e-05 3.085298e-04
6.999590e-05 3.112925e-04
7.006787e-05 3.140553e-04
7.013984e-05 3.168180e-04
7.021181e-05 3.195808e-04
7.028378e-05 3.223435e-04
7.035576e-05 3.251063e-04
7.042773e-05 3.278690e-04
7.049970e-05 3.306318e-04
7.057167e-05 3.333945e-04
7.064364e-05 3.361573e-04
7.071562e-05 3.389200e-04
7.078759e-05 3.416827e-04
7.085956e-05 3.444455e-04
7.093153e-05 3.472082e-04
7.100350e-05 3.499710e-04
7.107548e-05 3.527337e-04
7.114745e-05 3.554965e-04
7.121942e-05 3.582592e-04
7.129139e-05 3.610220e-04
7.136336e-05 3.613809e-04
7.143534e-05 3.581365e-04
7.150731e-05 3.548921e-04
7.157928e-05 3.516477e-04
7.165125e-05 3.484033e-04
7.172322e-05 3.451589e-04
7.179520e-05 3.419145e-04
7.186717e-05 3.386701e-04
7.193914e-05 3.354256e-04
7.201111e-05 3.321812e-04
7.208308e-05 3.289368e-04
7.215506e-05 3.256924e-04
7.222703e-05 3.224480e-04
7.229900e-05 3.192036e-04
7.237097e-05 3.159592e-04
7.244294e-05 3.127148e-04
7.251491e-05 3.094704e-04
7.258689e-05 3.062260e-04
7.265886e-05 3.029816e-04
7.273083e-05 2.997371e-04
7.280280e-05 2.964927e-04
7.287477e-05 2.932483e-04
7.294675e-05 2.900039e-04
7.301872e-05 2.867595e-04
7.309069e-05 2.835151e-04
7.316266e-05 2.802707e-04
7.323463e-05 2.770263e-04
7.330661e-05 2.737819e-04
7.337858e-05 2.705375e-04
7.345055e-05 2.672930e-04
7.352252e-05 2.640486e-04
7.359449e-05 2.608042e-04
7.366647e-05 2.575598e-04
7.373844e-05 2.543154e-04
7.381041e-05 2.510710e-04
7.388238e-05 2.478266e-04
7.395435e-05 2.445822e-04
7.402633e-05 2.413378e-04
7.409830e-05 2.380934e-04
7.417027e-05 2.348489e-04
7.424224e-05 2.316045e-04
7.431421e-05 2.283601e-04
7.438619e-05 2.251157e-04
7.445816e-05 2.218713e-04
7.453013e-05 2.186269e-04
7.460210e-05 2.153825e-04
7.467407e-05 2.121381e-04
7.474605e-05 2.088937e-04
7.481802e-05 2.056493e-04
7.488999e-05 2.024048e-04
7.496196e-05 1.991604e-04
7.503393e-05 1.959160e-04
7.510591e-05 1.926716e-04
7.517788e-05 1.894272e-04
7.524985e-05 1.861828e-04
7.532182e-05 1.829384e-04
7.539379e-05 1.796940e-04
7.546577e-05 1.764496e-04
7.553774e-05 1.732052e-04
7.560971e-05 1.699607e-04
7.568168e-05 1.667163e-04
7.575365e-05 1.634719e-04
7.582563e-05 1.602275e-04
7.589760e-05 1.569831e-04
7.596957e-05 1.537387e-04
7.604154e-05 1.504943e-04
7.611351e-05 1.472499e-04
7.618549e-05 1.440055e-04
7.625746e-05 1.407611e-04
7.632943e-05 1.375166e-04
7.640140e-05 1.342722e-04
7.647337e-05 1.310278e-04
7.654535e-05 1.277834e-04
7.661732e-05 1.245390e-04
7.668929e-05 1.212946e-04
7.676126e-05 1.180502e-04
7.683323e-05 1.148058e-04
7.690521e-05 1.115614e-04
7.697718e-05 1.083170e-04
7.704915e-05 1.050725e-04
7.712112e-05 1.018281e-04
7.719309e-05 9.858373e-05
7.726507e-05 9.533932e-05
7.733704e-05 9.209491e-05
7.740901e-05 8.885050e-05
7.748098e-05 8.560609e-05
7.755295e-05 8.236168e-05
7.762492e-05 7.911727e-05
7.769690e-05 7.587286e-05
7.776887e-05 7.262845e-05
7.784084e-05 6.938404e-05
7.791281e-05 6.613963e-05
7.798478e-05 6.289522e-05
7.805676e-05 5.965081e-05
7.812873e-05 5.640640e-05
7.820070e-05 5.316199e-05
7.827267e-05 4.991758e-05
7.834464e-05 4.667317e-05
7.841662e-05 4.342876e-05
7.848859e-05 4.018435e-05
7.856056e-05 3.693994e-05
7.863253e-05 3.369553e-05
7.870450e-05 3.045112e-05
7.877648e-05 2.720671e-05
7.884845e-05 2.396230e-05
7.892042e-05 2.071789e-05
7.899239e-05 1.747348e-05
7.906436e-05 1.714773e-05
7.913634e-05 1.774871e-05
7.920831e-05 1.834970e-05
7.928028e-05 1.895068e-05
7.935225e-05 1.955166e-05
7.942422e-05 2.015264e-05
7.949620e-05 2.075363e-05
7.956817e-05 2.135461e-05
7.964014e-05 2.195559e-05
7.971211e-05 2.255657e-05
7.978408e-05 2.315755e-05
7.985606e-05 2.375854e-05
7.992803e-05 2.435952e-05
8.000000e-05 2.496050e-05