6.521430e-06 3.289361e-01
6.842835e-06 1.817459e-01
6.985387e-06 1.104777e-01
7.139037e-06 6.121039e-02
7.328527e-06 5.062443e-02
7.522754e-06 3.767888e-02
7.529674e-06 2.502918e-02
7.788213e-06 1.265061e-02
8.031275e-06 1.334932e-02
8.140747e-06 7.639728e-03
8.385917e-06 5.991901e-03
8.531807e-06 3.830237e-03
8.801904e-06 2.754685e-03
8.942319e-06 4.234994e-03
9.054766e-06 1.779192e-03
9.177182e-06 2.444631e-03
9.258697e-06 8.371702e-03
9.371399e-06 1.235175e-03
9.565459e-06 3.109952e-03
9.578297e-06 1.106730e-02
9.645017e-06 1.030753e-03
9.841642e-06 1.977061e-03
9.944324e-06 1.494489e-03
1.017668e-05 4.699497e-03
1.025751e-05 7.062131e-02
1.029964e-05 1.206307e-02
1.034443e-05 3.494139e-03
1.044812e-05 8.845123e-04
1.059529e-05 2.484977e-03
1.084423e-05 4.040567e-04
1.102749e-05 8.046760e-04
1.145670e-05 9.920694e-04
1.180538e-05 4.954145e-04
1.193703e-05 1.942617e-03